1|03040701, 04080202
2|04094901, 05200001, 05200201, 05200301
3|06615401, 06696403
4|04026401, 04030501
5|07033604, 05098301
6|04119401, 05197901, 05075706, 06791414, 07103403, 06023202
7|05093204, 06778901
8|05009801, 06739604
9|05141601, 05021801
10|06731205, 06690901, 07035602
11|05127502, 09277102, 09264802
12|04140001, 06590103, 09256701
13|03050601, 04086301, 04086701
14|03050602, 04086302, 04086702
15|04117802, 06548701, 06513304
16|03028101, 06586501, 04001901
17|03046001, 06753302
18|03041001, 05036602
19|04112301, 09008803
20|03010802, 05098402
21|03049101, 04045801, 05023001, 05052701, 04043813, 05156701, 05161701, 05162503, 05192701, 05219201
22|04156801, 04156902
23|06574402, 05099002
24|07071603, 08064701
25|06006102, 06044902
26|05107601, 06566005
27|05189401, 06005708, 06600101
28|03012101, 06515301, 06700002
29|14076601, 14095002, 13243701, 13348101
30|09012502, 05230302, 09211303
31|07070705, 07063414
32|06540501, 06736401
33|06646301, 07054906
34|09294901, 06744201, 06585001, 05148201, 07025901
35|05169201, 04115502, 05019001, 07054401, 09236509
36|07060605, 08014004
37|09048001, 09012501, 05230301, 09211301
38|07060606, 08014005
39|04119501, 09250310
40|09000505, 09078805
41|06731206, 06690902, 14095003, 13332501
42|07010806, 06640601
43|06510401, 06742101, 07043402, 05186701
44|05233905, 04140805, 05212413, 06585605
45|04156601, 04138501, 05101301, 05130103, 09271801
46|05233903, 04140803, 06585603
47|05233902, 04140802, 05075401, 05051201, 06585602
48|04141301, 05131906
49|05217102, 05217202
50|06650903, 06698202
51|06524802, 06604302
52|06674401, 06693901
53|04081814, 05048204
54|04155302, 04040401, 07045308, 06624202
55|04085902, 04039601, 06721034
56|04134301, 06735902, 06654403, 07087603, 07067502
57|04090201, 05056002
58|04108403, 06724102, 10002702
59|04142201, 07083801, 14373901
60|03035101, 03056001, 04046201, 05100805, 06727301, 06727501, 06701607, 07085408
61|04133402, 04136001
62|05208901, 05209001
63|05228002, 09243302
64|04149202, 04149302
65|04045502, 09213102
66|07080901, 08009302
67|04010202, 07059402
68|04010201, 07059401
69|07041402, 05170201, 07053201
70|06549101, 05178801, 07029804
71|06569202, 06772002
72|04149003, 04149103
73|09198601, 06692301
74|06529201, 04004302, 04004502, 06596301
75|06667502, 06744502
76|08057603, 04004303, 04004503, 06020203
77|05049401, 06592001
78|04017403, 06560204, 06672001, 06721068, 06722402
79|03027801, 05138701, 07037205, 06594301, 06661101, 06773201
80|06725401, 06686107, 06695204, 04012001, 06775706, 05098108, 06515401, 06664306
81|05053501, 05077701, 05104101
82|04020103, 05223503
83|03018401, 05029801
84|05076901, 07025104, 07034401
85|03059701, 05076902, 07034402
86|04087201, 04087501
87|04020104, 05223504
88|04020602, 04166302
89|04090703, 06684905, 05238603
90|04046501, 05095901
91|05017002, 05173101
92|04087701, 04090801, 05101601, 05238601, 07027907
93|04020601, 04166301
94|05077001, 05173701
95|03029801, 06562401
96|05212802, 08027306
97|04089002, 04089602
98|03014801, 05053002, 06684904, 05053601
99|05029001, 05173401
100|03059201, 05076904
101|04044201, 05125101
102|04090901, 05078001, 05079901
103|04088001, 04088201, 04089001, 04089601, 05017101, 05029201, 05029401, 07103201, 04086901, 04109201, 05175201, 05219701, 05238701, 09121503, 09280201
104|04088202, 04088701, 05175202, 05219702, 05224801
105|04089201, 04090601
106|07103202, 05238702, 09280202
107|05125602, 05053401
108|05030501, 05053102
109|04009702, 04009804
110|04160104, 06746706
111|09134801, 10002401
112|05110107, 09103302
113|06590302, 09008004
114|04119701, 08058101, 06686201
115|05056501, 09007202, 09005901
116|09302401, 04105101
117|06048101, 09011402
118|08053402, 06756405
119|03003501, 05224601, 06649701, 06775701
120|04109101, 05057501
121|05093206, 06758201
122|09162601, 07064501, 06564601
123|04081316, 04085306
124|05212404, 05214113
125|05103201, 07000504
126|05050802, 09294902
127|05224605, 06559210
128|06549102, 05204901
129|05093601, 06707101
130|03021501, 03021601
131|03021502, 03021602
132|06773707, 06743409
133|05176101, 09285201
134|05002903, 06635003
135|04113801, 05212401, 05214101, 05239501
136|04113501, 05121903, 05215501
137|03043402, 04113601
138|04010209, 05170205, 07059407
139|04135301, 07018904
140|03019006, 05031102, 05220401
141|03024806, 03055001, 06787905, 08020501, 09278206, 06719205
142|03055701, 06591901
143|04016001, 04016401, 04015307, 10013302
144|06564704, 06683904
145|05121905, 06008210
146|04111901, 08059501
147|03024502, 06701602
148|07104704, 09166301
149|03021401, 07071101
150|03033901, 07124801, 09011101
151|05237103, 07037602
152|06756002, 07064805
153|05229101, 07043401
154|06510604, 09012903
155|04119903, 06607005
156|06729701, 06612705
157|04113802, 04113502, 05121904, 05212402, 05214102, 05215502, 05239502
158|07064204, 06002002, 06002201
159|06724108, 10002707
160|05184501, 07052001, 07033603
161|06508205, 06559211
162|04119901, 06607002
163|05104501, 09182602, 06714201, 09129902
164|09046101, 05129902
165|09304301, 06645104
166|06648503, 07062101
167|06509602, 07045402, 09186701, 09128302
168|09217402, 09136301, 09103201, 09146302, 09206304
169|06514002, 09254401
170|03030801, 09054101
171|05235201, 10003201
172|03046201, 05035301
173|08026303, 07044703
174|06566313, 09106507, 09168506
175|05014101, 07018001
176|07076504, 09299801
177|06715609, 05034003, 06624803
178|06664301, 05098101
179|09308801, 10006101
180|05208401, 06755101, 06700301
181|05093602, 06707102
182|06035803, 06608405
183|06632301, 07054001
184|03007305, 04004505
185|04017511, 05000702
186|05123001, 06646801
187|07053603, 06658907
188|06628705, 06575312, 06629906
189|06513103, 09302402
190|04017409, 06722404
191|06757302, 07071003, 08020703
192|05070201, 06588602
193|09308805, 06664304, 05098106, 10006105
194|04091901, 06619501
195|06550309, 05007901
196|04108405, 06724111, 10002710
197|04100601, 05132409, 06775709
198|05066801, 06699302
199|06016701, 07044401, 09171502
200|05098901, 05138603
201|09193901, 07051808
202|05231302, 07095701
203|05123004, 06563905
204|06686104, 06702811
205|06544405, 06579701
206|03010107, 05079401
207|05224106, 06545801, 06658910
208|05098001, 09007801, 07046501, 09280601
209|06729302, 06655704
210|07061610, 06020803
211|05236004, 06535106, 06642501, 06696404
212|05176601, 06532307, 09140801
213|03033902, 05229139
214|05130003, 06581510, 06724110, 10002709
215|06721508, 04121404, 06729703
216|04098602, 07067103
217|09298302, 09298402, 05118902
218|04135501, 05208702, 06593510, 06566002, 09048102
219|06587301, 09298401, 05118901, 06544701, 06552701
220|04148701, 04094301, 06564301
221|04012302, 05095301, 09286901
222|04014701, 04015601, 04015701
223|05230905, 05231005
224|06577402, 06703402
225|04081314, 06692111
226|04086801, 05007701, 06664501, 06652101
227|03018208, 06630508
228|03033703, 06551003
229|03018203, 04143903, 06005703, 06630503, 05097403
230|04081315, 06692112
231|03056403, 04084803
232|04004202, 04084906, 04086001
233|04081301, 06692101
234|04081802, 06701302
235|04081302, 06692102
236|04004203, 04084907
237|04004603, 04086401, 04086802, 05007702, 06770301, 06664502, 06652102, 07027002
238|04004605, 04086403, 04086804, 05007704, 06770303, 06664504, 06652104
239|04081804, 04086209, 06701304
240|04084202, 06628402
241|06766401, 08045801
242|06577401, 06747101
243|06703401, 06573501
244|04081816, 04086206, 06701313
245|04081815, 05091803, 06701312
246|03018217, 04143916, 06630514
247|04081806, 06701306
248|03018215, 04143915, 06630512
249|04081309, 06692108
250|04081811, 06701310
251|03018216, 06630513
252|04081310, 06692109
253|04081808, 04086204, 06701308
254|04081807, 06701307
255|04081306, 06692106
256|04081307, 06692107
257|04081809, 06701309
258|04020603, 04166303
259|03033701, 06551001
260|06628602, 06609303
261|03018201, 04143901, 06630501
262|03039408, 06584406, 05012501, 07028403, 09004503, 06609302
263|03043012, 07028402
264|06766402, 06571101, 08045802
265|06675802, 06652901
266|06766403, 06571102, 08045803
267|04004601, 06666001, 07024201
268|03018202, 03018301, 04143902, 06630502
269|03006701, 03033702, 06551002
270|03055502, 06688602, 04075502, 06515602
271|06628601, 06584405, 06697902, 06609301
272|06701301, 04081801, 04086201
273|06518501, 05229901, 06661801, 06605001
274|04081805, 06701305
275|04081304, 06692104
276|04081803, 04086202, 06701303
277|03055501, 04153501, 05134001, 05223502, 06688601, 04075501, 06515601
278|04020102, 09284001, 06004401, 06653201, 07013301
279|04081313, 06692110
280|03033705, 06551005
281|03018205, 04143905, 06630505
282|04081303, 06692103
283|04122701, 06766101
284|03056004, 06515407
285|04116803, 05059802
286|06615409, 06786702
287|06697104, 09147904
288|06747001, 09007604
289|06697301, 06542102, 06698003, 06620801, 10012202, 09158704
290|03014502, 09298902
291|10008404, 09289104
292|04155301, 05237008
293|05224001, 06725411, 06639604, 06664317, 05098119, 06586102, 09062601, 09014604
294|05139502, 10016304
295|09309601, 09124602
296|04128804, 09289203
297|10008407, 09289106
298|10008402, 09289102
299|10016203, 10016403
300|07092402, 06711205
301|06621604, 05235010
302|07048403, 06012504
303|07050302, 05035204
304|06547304, 05041701, 06019306, 09101902
305|07080902, 05089203, 05165908
306|07091502, 09102302, 09062301
307|06734902, 09073502
308|05223002, 07081902, 09288902, 08023002
309|05159303, 07021103
310|05225901, 07068702, 09300202, 06776102, 09106801
311|08056404, 06648203, 09144704, 06706901
312|03042503, 07079206, 07086502
313|05232404, 07073404
314|06566503, 06571601
315|04128806, 09289205
316|05066301, 06575301
317|07067001, 09085801
318|06697102, 09147902
319|04098801, 07040401
320|05225908, 07049904, 04100401, 05228703
321|06632701, 06604501
322|05228802, 07058602, 09023503
323|03026401, 05237803
324|04151802, 04142802, 06681601
325|08038201, 08038202
326|07045101, 06583801, 14371701, 14583901
327|06592702, 07059302
328|06791408, 07064803
329|03040401, 06710801, 06661001, 09122803
330|06730102, 07033102, 06020802, 07068404, 09035001
331|06632702, 06604502
332|09285801, 09259801
333|06513901, 06694801
334|06513902, 06537505, 06694802
335|06791407, 07064802
336|06571901, 07047503
337|09287901, 09297902, 07074902
338|06606601, 10016201
339|07047702, 09262502
340|04106905, 05049112
341|04135402, 06679801, 07095301, 06757404, 06618302, 06706101
342|04085605, 05031801, 07055806, 09046802
343|07075501, 05138803, 09229902
344|06598614, 06740602
345|04145601, 05138508
346|05132401, 06560203, 06618402
347|05132402, 06560207
348|04017408, 06663401, 06660504, 06722403
349|05212403, 05214103
350|07061405, 06515406
351|05227005, 06673803, 09297702, 05105802, 05230103
352|06767201, 06543806, 07036502
353|04164003, 07034311
354|06664318, 05098120
355|03012302, 03012402
356|07097304, 09188103
357|04125203, 06725011
358|06648403, 06617003
359|06512303, 06643808
360|05227001, 09078701, 07029801, 09098703, 09078602
361|09055902, 09279402
362|06592701, 07119901, 07097302, 07059301, 09188102
363|07035201, 06606901
364|07050701, 09268801
365|03012201, 07051410, 07047201
366|05034012, 06675701
367|06664302, 05098103, 09261204
368|09308803, 10006103
369|06775707, 06610601
370|05066501, 06754304
371|03042001, 06526701, 07128002
372|05034011, 06624808
373|06622101, 06622305, 09190301
374|03042002, 06526702
375|04018703, 07044803, 09022501
376|04150701, 07033802
377|05192301, 05091601
378|04136901, 04140701, 05132201, 07055007
379|06679802, 07095302, 06618301
380|04099101, 07000203
381|05066302, 06575302
382|06628706, 06629907
383|06733201, 06575315
384|06733203, 06575317
385|05018301, 06040701
386|03010106, 06618101
387|04006202, 04006402, 04006502
388|05090506, 06037501
389|06518202, 07054003
390|05100303, 05133101, 06666801, 06624203, 05148207
391|07048404, 05228720, 14070601, 14586501
392|09308807, 10006107
393|06697103, 09147903
394|06574405, 06568401
395|05033501, 04102601
396|05121201, 09113403
397|05001501, 07057306
398|05142901, 05050101
399|04141201, 05060801
400|05229148, 06685710
401|04018201, 09200305, 07069702, 10012001
402|04143001, 05058902
403|05042803, 06670103
404|05185401, 06000201
405|03028201, 06727302, 06727502
406|04029501, 06744801, 09002901, 06770902
407|05070301, 09304601, 06573401
408|04048501, 04134901, 04162401, 05041401, 06657901
409|06724112, 10002711
410|06050201, 06050301
411|05017902, 06045602
412|06724113, 06765301
413|05031502, 05152801
414|03031101, 08027918
415|06724114, 06747401
416|05050401, 05193901
417|05074801, 09249101, 07041404
418|04143403, 05233904, 04140804, 05075402, 05051202, 06585604
419|03058103, 04049602, 06650206
420|06549303, 09307302, 05070805, 06758705, 06791420, 06686003
421|05143102, 05071903
422|03052102, 04142601
423|04140801, 05233901, 07096602
424|05074902, 06041902
425|04148902, 04094402
426|04142101, 05083201
427|05041501, 07100303, 05072901, 09019903
428|04109502, 05072202
429|07071202, 09240701
430|05224003, 06721006, 06548105
431|03009501, 03056601, 07023408
432|05146901, 06606702, 06768303, 06603401
433|04081839, 09308808, 06664311, 05098113, 10006108
434|03007601, 05083901
435|06511706, 07053912
436|03012701, 06685712
437|09037904, 07058003
438|04017401, 06722401
439|06619606, 08065005
440|04144701, 06518301, 07071902, 06020201
441|03033905, 05229140
442|04109802, 07054602
443|05230109, 06634701
444|06550301, 07067801
445|09008311, 07086213
446|09008313, 07086215
447|06018002, 09290002
448|06721017, 06548111, 07063407
449|06721018, 06548112
450|05139403, 03036904
451|05229179, 06674601, 06701406
452|06648908, 06687101
453|05130801, 06717017
454|03024101, 05050501
455|05176801, 06644604
456|09306510, 06615608
457|04000701, 06549202
458|05224602, 06705201
459|04037301, 06586401
460|05164601, 05174001
461|08053407, 06756412
462|05169204, 06625613
463|09060803, 04038002
464|03060005, 04143101, 05030901, 05154101
465|04153502, 05134002, 07026604, 09250101
466|04119803, 04121703
467|04113805, 05121909, 05212407
468|05133402, 05135002, 04122202
469|04122602, 05025101, 05182301, 06532601, 04120501, 06665801
470|06787906, 06719206
471|03015101, 03015201, 04011501, 05020501, 05096101, 05198401, 09173601
472|06581501, 07074501
473|04123301, 06596601
474|04122801, 06618105, 05172301
475|03028811, 03046601, 04014202, 04015104, 04017510, 06679201, 06584901, 04013904, 09229904
476|05059505, 05237006
477|03035801, 03036101, 06582801
478|05133401, 05135001, 04119802, 04121702, 04122201
479|04120301, 07011508
480|06758704, 06791419
481|06549301, 09307301, 05070803, 06758703, 06791418, 06686001
482|04011403, 06612604, 06749802
483|03007201, 10004001, 05065801, 05046801, 06771101
484|06725402, 04013901, 07011507, 06664308, 05098110
485|06721051, 07063410
486|05170801, 06556901
487|04120401, 05111701
488|04120201, 05085601
489|05145702, 04011502, 05198402
490|05229403, 06544911
491|09287402, 04030002, 07023502, 08053902, 06608102, 05221502, 04026902, 04041603
492|04030001, 08053901, 06608101
493|09287401, 07023501, 04026901, 04041602, 05221501, 04012003, 06664310, 07023409, 05098112
494|05059502, 05237003
495|05059501, 05237001
496|05059504, 05237005
497|06761401, 06654202
498|09296801, 10015201
499|06005705, 07004004, 07010004
500|06508203, 06783809
501|06791411, 07064804
502|04013206, 06651902
503|04085604, 05069702, 06574401, 07055805, 09046801, 05099001, 06642502
504|05131803, 09188606
505|03051001, 06000702, 06000802
506|03039316, 08039001
507|09261201, 06700306, 06582001
508|06679903, 06787303
509|07065501, 09150702
510|06051502, 09145201
511|06671402, 04093101
512|06734506, 06625608
513|06788504, 06785404
514|06729602, 06711003
515|06707201, 07075601, 07088101
516|03000901, 03001002, 04114309
517|03024501, 06701601
518|07101101, 07046902, 09022702
519|05230806, 07101001, 07114702
520|04081343, 07101601, 09282201, 09279501
521|06673801, 05230102
522|05230101, 06598613
523|06724104, 10002704, 05035501, 09261301
524|06544901, 06569201, 06772001
525|05237601, 06571401, 07047401, 09108002, 09143401
526|04109801, 07054601
527|04146404, 07027101, 05040102
528|03035501, 03035601
529|05032907, 06784507
530|06586301, 06544916
531|05106801, 08030001
532|07058401, 09188603
533|04101303, 06581508
534|06714102, 06721046
535|04156101, 06599301
536|05166402, 06544402
537|09108301, 05217001
538|06708103, 09241501
539|05055501, 07057305
540|07040407, 05213904
541|05226501, 06673001, 06743301
542|07070704, 07063413
543|04053501, 04055801
544|04054801, 05102401
545|04052401, 04053001
546|04056701, 04057201, 05078301
547|04055301, 04057101, 05149901
548|04054001, 04054201
549|04055001, 05194303
550|04053401, 04053701, 04055601, 04056901
551|04056301, 04056801
552|04054802, 05102402, 05219101
553|04057002, 04052302
554|04056401, 04053301, 05174301
555|05125001, 04052601, 05054201
556|05074201, 04055901
557|05173601, 04054301
558|04055701, 05054001
559|04052301, 04057001
560|04032002, 05013302
561|03032701, 03032801
562|04113803, 04120101, 05133802, 07041405, 04010206, 05170204, 05171202, 07059405
563|03005603, 06627003
564|07031103, 08013003
565|04143601, 05170501, 08029003
566|05145005, 05184401, 05168204
567|03035901, 07040307
568|04134701, 07095209
569|05184403, 05064201, 05122001, 05168203
570|04122901, 04123101
571|09013002, 06532305, 06707301
572|04095801, 07046303
573|10002901, 05230801, 07122302
574|04033805, 09286902, 07054403, 05169203, 06007701
576|06650510, 06767101
577|06559201, 09264101
578|06576702, 04011202
579|05075101, 09131401
580|04014206, 04017101, 06747701
581|04160202, 06008003
582|05170701, 06650501
583|03028105, 04001905
584|05224703, 05029603, 04046703, 05097703, 05159903, 07081503
585|06673804, 05230112
586|07069811, 07069601, 08046802
587|04126501, 06684408
588|09008310, 07086212, 07053604
589|04110201, 09099401
590|04010203, 05042402, 05170202, 07059403
591|07041403, 04010204, 05170203, 07059404
592|06558903, 09284901
593|03001301, 10007901
594|04007301, 06002801, 05205701, 08052301
595|06018003, 07045307, 09290003
596|06721040, 06520301
597|04142001, 05036601
598|05103101, 07098101
599|09000504, 09078804
600|03019003, 06757202
601|05170502, 08029001
602|05131101, 07057104
603|09021801, 09028201, 09120901, 13167201
604|06043801, 05110106, 06772201
605|05219501, 07038502
606|05047208, 05161101
607|06750601, 06700308
608|07097308, 09188105
609|07045104, 06606802
610|03032201, 06048507
611|05129702, 05189601
612|04141801, 06708111, 09241505
613|04108301, 04159501
614|08056405, 05094005
615|06566512, 07043905
616|06536906, 09023505
617|06643002, 06537909, 08022802
618|05232701, 06031901
619|05230303, 06647106, 08022801
620|05132203, 05132304, 07104401, 07043203, 08061201
621|05146501, 14563701, 14563801, 13467301, 14564001, 14564201
622|05081501, 05127601
623|09309602, 07087801, 09124601
624|04149401, 04094501
625|06648903, 06597102
626|05154601, 06504101
627|06591302, 06758706, 06791421
628|04004618, 04086002
629|06565002, 05122801, 06735601, 10007001
630|06513101, 04113201, 05010502, 06020202
631|04112801, 04114601, 07036701
632|06042703, 06608409
633|06671201, 09288801
634|07034701, 07034306
635|03018207, 04143907
636|03050401, 04085701
637|06760402, 06691202
638|03050404, 04085704, 04086404
639|03050402, 04085702, 04086402, 04086803, 05007703, 06664503
640|03050403, 04085703
641|06537502, 05042601, 06744804
642|04018202, 09239903, 09240003
643|04137902, 07057304
644|04134401, 06048509
645|06717008, 06763301, 06576309
646|04135302, 05144101, 07018901, 07084201
647|07092301, 05032901, 04091303, 06784501
648|06648301, 09080501
649|05032905, 06784505
650|05004102, 07063303
651|06754409, 09008203
652|05154603, 06504103
653|05224108, 06030701, 06725004
654|04116901, 04118501, 05050601, 05123003
655|05144401, 06725410, 09107902, 09260003
656|06566316, 06051001
657|06515102, 06567002, 06677802, 08021603, 09000503, 09078803
658|09017701, 05223305, 08024701, 07063601
659|05230602, 06756902
660|06511704, 06702104
661|07035801, 07059311
662|07012401, 09215402, 07038503
663|06734502, 09236503
664|06721053, 09261209
665|06046001, 06566004, 08000302
666|04013701, 06753608
667|05223909, 06723401
668|05154604, 06504104
669|05235301, 06572301
670|04108303, 06715611, 05073302
671|07042401, 05063701, 05073001, 07022601, 06621602
672|06648108, 05073301, 06710905, 07033108
673|05190301, 05074601, 05123201
674|07065504, 06713301
675|07018902, 05142002
676|05143201, 05230816, 06568701, 05021602, 07071004, 08020704
677|05009701, 08067601
678|06577701, 09283601
679|07126901, 09130201
680|09124701, 06034001
681|04077001, 06720101
682|08011002, 06613402
683|04078201, 04163201
684|07099002, 07099102, 07030702, 07030102, 07026202
685|09291501, 05068401, 06591907
686|06736701, 06652304
687|05189001, 06025901
688|06691501, 06708401
689|06679601, 06738301
690|06046701, 07018601
691|05092101, 07018603
692|08011203, 04164502, 04164602, 06741804
693|08032701, 08032801
694|06558203, 05188501
695|07029402, 07041806
696|06697302, 06751001
697|04073101, 06715701
698|08011201, 06708801
699|06635501, 06791601
700|06040401, 06032601
701|06049901, 06747201
702|06608901, 07011001
703|06679301, 06690601
704|04164101, 06582501, 06524301
705|09060302, 07054802, 09120302
706|06521307, 06557305
707|09308101, 06653601
708|04164107, 06524305
709|06728501, 06786601, 07128401, 08019901
710|04086708, 06741504
711|06576602, 09080503
712|05187801, 05209801
713|06551602, 06721302
714|06575602, 06718902
715|06740502, 06714002
716|07032304, 05213202
717|05028002, 06779002
718|05116602, 06680503
719|07029202, 05220802, 05221002, 05239802, 05184802, 07027502
720|06521102, 07029204
721|05185801, 06654301
722|07064702, 05166002
723|06635503, 06791603
724|04164501, 04164601, 06741803
725|05145610, 06613704
726|06046906, 05236606, 09129005
727|06046907, 05236607, 09129006
728|05231609, 05165301
729|06046903, 05236603, 09129003
730|06046908, 05236608
731|06764804, 06689004
732|04157301, 09025402, 09033401
733|03007401, 06604401
734|04076701, 05015301
735|05140001, 07064401
736|06008902, 08041502
737|07032301, 06623801
738|06768402, 07106802
739|04164102, 06524302
740|06517705, 07041807
741|04075801, 04164701
742|07099401, 07111901
743|06050801, 06050901
744|06620701, 06737703
745|04147602, 04079102
746|05067702, 06631801
747|05114001, 07050101
748|06638102, 07036509
749|04076401, 07029301, 09018902, 04071102
750|06702602, 06702604
751|04013202, 04014403, 07034202, 07064403, 04015303, 09287001, 08002503, 07096107
752|05118602, 09221801
753|05223907, 06723201, 05229177
754|06721016, 06548110
755|05220304, 04114005
756|04099501, 05003802
757|09311601, 08052601
758|06537501, 06744802
759|05010703, 06743411
760|04135701, 04140301
761|06542101, 04092302, 05198601, 06698001, 07048201
762|04148301, 04148401, 04088301, 04088501
763|05017901, 06045601
764|06510605, 07037102, 09012904
765|07073902, 07053002
766|07059101, 08036401
767|05131805, 09188604
768|06648101, 06673601, 08044802, 06607801
769|03007001, 06617901, 06649210
770|07097901, 10008601
771|04098901, 09285704
772|05223908, 06723301
773|06787902, 06719202
774|06787904, 06719204
775|03024807, 06787901, 05113403, 06719201, 09278207
776|06787903, 06719203
777|04081331, 06634901
778|03039001, 06720501
779|04117101, 05162601, 07115403, 05072201, 07105701
780|06768302, 06670303, 06579805
781|05064802, 06045501
782|04026403, 04030503
783|03060502, 04123002
784|04114402, 05074101
785|06678801, 05074401, 06532304
786|05033502, 04102602
787|05003002, 07015002, 07000902
788|05223905, 06619603
789|05050901, 06640603
790|06706706, 06611202
791|03011301, 05132411, 06560208, 05165907
792|03025303, 06034503
793|06721044, 06548114
794|04135001, 06626202
795|05024101, 05218701
796|14215101, 13303701, 14095001
797|05070403, 06766201
798|03060501, 04123001
799|04147901, 04108404, 06749219
800|05002910, 06702007, 09152305
801|04120901, 05021101, 06719301
802|03001303, 03001401, 06782602
803|06715608, 05034001, 06624801, 06666301
804|04029502, 06744803
805|05067205, 05179403, 06038514, 06028001, 06649204
806|06028002, 06749237, 06664602, 06649205
807|05067204, 06649206
808|04148501, 06568001, 06567801
809|04107101, 05049113
810|05169901, 07033302, 14584501
811|05182204, 06506701, 06699403
812|06773701, 06743404
813|05230804, 05093207
814|05230110, 06634703
815|05186901, 06651801, 06651503, 09112401, 09196201
816|06598101, 07084802
817|09290004, 06018005
818|04092303, 05198602
819|05163402, 10003303
820|09306802, 06780002
821|06537503, 06744805, 09197902
822|05227003, 05232603
823|05139003, 07009817, 06576801, 09284802
824|05056803, 09232104
825|05114401, 06670106
826|06749201, 09232101
827|06548102, 06721002, 07063402
828|05160901, 05198901, 09060502, 09036101
830|04146403, 05179402, 05154401, 05169801, 06690701
831|05010704, 06773706, 06743408
832|06748201, 06650504
833|05235102, 09103602
834|06724103, 10002703
835|07080001, 07025501, 06605101, 06702106, 06700303, 05098102, 06571301
836|09308802, 10006102
837|04107501, 05049602, 09131902
838|06509601, 05229161, 07045401, 08042801
839|05153802, 05186902, 06651802, 06651504, 09112402, 09196202
840|05132407, 05237107, 09122301, 07037601, 09122103, 09120201
841|05166403, 06622303
842|05226901, 08014501
843|07037201, 06749214, 06518201, 09197901
844|04107601, 04109601, 05202601, 07066701
845|05096901, 05193801
846|06791402, 06011902
847|07059103, 06728101, 08036403
848|05169101, 05035001
849|06791401, 06701404, 06011901
850|04100701, 05204801
851|05232604, 09078603
852|09297701, 05105801
853|07059102, 08036402
854|08026301, 05105401
855|05129402, 05066201, 06005706, 06757303, 06661701, 08052003
856|06757301, 08052001, 08067001
857|09264801, 09277101
858|09000202, 09255601
859|09287701, 05090601, 07108701
860|05059601, 06649202
861|03015401, 03049301, 07023705
862|04033102, 06672606
863|06717004, 06651102, 06570402
864|06541101, 07059506
865|06635004, 06651507
866|06510001, 09310101, 06564503, 09064503
867|07045301, 09290001
868|05049104, 05169102, 06738902
869|05228815, 05152701
870|09066802, 05079805, 07067704
871|05095715, 05208701
872|06715601, 05121101
873|07037202, 06760401, 06691201
874|06617501, 06702102
875|05034016, 07045201
876|08065301, 07045706
877|05058501, 05034501
878|05230820, 06756005
879|06527302, 07079701, 07031801
880|06508101, 05238901
881|05132405, 07039502
882|10003001, 05200701
883|04102402, 05202503, 05204603
884|06524801, 06604301
885|06590601, 07073905
886|05237521, 06724604
887|04113301, 05074001, 10015901
888|09311401, 06651505
889|05186903, 06651803, 06749220, 09196203
890|04142301, 04166101
891|07052702, 09308301, 06728901
892|04129701, 04166201
893|07061503, 07071204
894|07059104, 08036404
895|07069813, 07069614
896|05226902, 08014502
897|05070409, 05152902
898|04073201, 06588501
899|04068601, 05108001
900|06035101, 07012601, 08010201, 07123401, 08007801, 08047001, 08055501
901|06032701, 05006601, 06027401, 06777301, 07110001, 07116101
902|06039601, 06031301, 07109301, 06033401, 09257201
903|06784901, 06051901, 07110401
904|06550601, 09253101, 09253601
905|06680101, 04034204
906|05061301, 06710501
907|06568901, 06535001
908|07019201, 08018201
909|04077002, 06680102, 06720103
910|06691503, 06708403
911|06544101, 07020101, 09262001
912|04074701, 05210801
913|03030701, 03056701
914|06000402, 06000502
915|08025403, 08011503
916|05024401, 06732201
917|05061001, 06509101, 07002501, 08001601, 04070101, 04074501, 05022501, 05022601, 05022801, 05024001, 05035701, 05109601, 05213701, 06730501, 06049601, 06050101, 06534601, 06642601, 06729801, 06788201, 06682501
918|06507201, 06539001
919|04069201, 04071701, 04072601, 04073901, 10017401, 09002401
920|07104001, 05180201, 05197801, 05198001, 05198101, 06034701, 06034801, 06036801, 06037001, 06038401, 06038601, 06038701, 06039301, 06039401, 06040001, 06040601, 06042501, 06042601, 06042801, 06043101, 06043201, 06044201, 06044401, 06045901, 06047001, 06504501, 06027701, 06030901, 06034401, 06722501, 06722801, 06723701, 06723801, 06725501, 06725701, 06726201, 06726301, 06728301, 06781701, 06784801, 06785601, 06786101, 06787801, 06789301, 06789401, 06789701, 06790401, 06790801, 06791101, 06791801, 07000101, 07001601, 07002601, 07003901, 07006101, 07008301, 07009201, 07009901, 07010501, 07010601, 07010901, 07011101, 07008401, 08034601, 07100101, 07022201, 07013401, 07013901, 08057401, 08057301, 08057501, 07011301, 07101401, 07016001, 07016101, 07016901, 07015101, 07101801, 07103301, 07102401, 07098701, 07011801, 07012001, 07017201, 07019101, 07016801, 07098501, 07100201, 07115801, 07103701, 07103101, 07107101, 07107401, 07103001, 07122901, 07123001, 07010401, 07123201, 07126101, 07125701, 07125601, 07113401, 07113501, 08005401, 07118701, 07119501, 08004101, 09281601, 09281801, 09277601, 09277701, 07113301, 08007101, 08006801, 08018401, 08019201, 08023801, 08004201, 08004601, 08004501, 08026601, 08056301, 08056801, 08011901, 08062001, 08062101, 08058001, 08059001, 08059101, 08059201, 08059301, 08012901, 08058701, 08065401, 08066001, 09000101, 08065601, 08015101, 09255201, 09255301, 09255401, 09254501, 09033101, 09005101, 09251701, 09271301, 09277301, 10011301, 07100001, 07100401, 07100801, 07101201, 07101901, 07111301, 07111401, 10002501, 10005201, 08029101, 08029501, 08030201, 08030101, 08023101, 08023301, 08023201, 09001301, 04111101, 04166501, 05005101, 05005201, 05005401, 05005501, 05005601, 05005801, 05005901, 05006001, 05006101, 05006201, 05006301, 05006401, 05006501, 05011001, 05013701, 05015701, 07115301, 07115701, 05037601, 05084101, 05155901, 05197101, 05198801, 05201701, 05204301, 05205301, 05205401, 05207401, 05212601, 06037801, 06037901, 06041601, 06041701, 06044801, 05214401, 05214601, 05215001, 05216201, 05217601, 05217901, 05219801, 05220501, 05221301, 05221601, 05221901, 05222101, 05222401, 07110201, 06000901, 06001301, 06001401, 06002601, 06002701, 06003601, 06004001, 06004301, 06004901, 06005101, 06005301, 06005401, 06005601, 06005801, 06005901, 06006901, 06007101, 06007601, 06007801, 06008401, 06008501, 06008601, 06008701, 06008801, 06009301, 06009401, 06009801, 06010001, 06010101, 06010301, 06010901, 06011001, 06011101, 06011401, 06011801, 06012101, 06012401, 06013001, 06013101, 06013201, 06013301, 06013601, 06013901, 06014301, 06014501, 06014601, 06014701, 06014801, 06015001, 06015201, 06015401, 06015501, 06015601, 06015701, 06015801, 06016601, 06017401, 06017501, 06017601, 06018101, 06018401, 06018501, 06018701, 06018801, 06018901, 06019101, 06019401, 06019701, 06019901, 06020001, 06020101, 06020401, 06020701, 06020901, 06021001, 06021201, 06021301, 06021401, 06021601, 06021801, 06021901, 06022101, 06022401, 06022501, 06022601, 06022701, 06022801, 06023001, 06023301, 06023401, 06023501, 06023601, 06023701, 06023801, 06023901, 06024101, 06024301, 06024401, 06024501, 06024601, 06024801, 06024901, 06025001, 06025401, 06025601, 06025701, 06025801, 06026001, 06026501, 06026801, 06026901, 06032001, 06032101, 06032801, 06033601, 06035001, 06035201, 06035301, 06035401, 06035601, 06035901, 06036101, 06046201, 06046601, 06046801, 06048401, 06048601, 06048901, 06050401, 06052101, 06052401, 06053201, 06053301, 06053501, 06053601, 06053701, 06053901, 06504401, 06504801, 06505201, 06505301, 08001401, 07110101, 08046301, 06724401, 06724501, 06724701, 06724901, 06726501, 06727001, 06727401, 06727601, 06727901, 06728201, 06775101, 06775401, 06776001, 06776201, 06776501, 06776701, 06776801, 06776901, 06777001, 06777101, 06777501, 06778001, 06778201, 06778301, 06778601, 06778801, 06779101, 06779201, 06779301, 06779401, 06779501, 06779601, 06780601, 06780801, 06780901, 06781001, 06781201, 06781301, 06781501, 06781901, 06782001, 06782501, 06783501, 06783701, 07016401, 06784001, 06784201, 06784401, 06785101, 06785201, 06785801, 06786001, 06786901, 06787001, 06787201, 06787501, 06788101, 06788301, 06789801, 06789901, 06790101, 06790201, 06791201, 06791301, 06791501, 06792001, 06792401, 06792501, 07000401, 07000601, 07001001, 07001101, 07001201, 07001301, 07001401, 07001901, 07002001, 07002101, 07002201, 07003601, 07003701, 07004101, 07004201, 07004901, 07005201, 07005301, 07005501, 07005701, 07005801, 07006001, 07006301, 07006401, 07006501, 07006901, 07007001, 07007101, 07007401, 07008701, 07008801, 07009601, 07011601, 08028201, 08028101, 08025001, 08035101, 08028301, 08035201, 08023901, 08024101, 08024301, 08024401, 08025101, 08025301, 08025501, 08026101, 08026701, 08025901, 08025801, 08026801, 08026901, 08027401, 07099501, 07099601, 07099701, 08034701, 08056001, 08056101, 08057701, 08059401, 08045201, 08045101, 07012501, 07013501, 07021001, 07021401, 07021501, 07021901, 07012801, 07012901, 07014301, 08053601, 07015401, 07014001, 07017801, 07018101, 07015501, 07013201, 07016601, 07015701, 07018801, 07019401, 07019601, 07019701, 07020601, 07105601, 07106101, 07010101, 07110301, 07110901, 07112801, 07112901, 07113101, 07114501, 07113701, 07116801, 07116901, 07117101, 07117201, 07118501, 07118601, 07117601, 07117701, 07117901, 07119801, 07121901, 07121101, 09252901, 09253001, 09253201, 09012101, 09253401, 09253501, 09253801, 10017501, 10017701, 10017901, 07123901, 07124101, 07124701, 09257601, 07128501, 07128701, 07128801, 09260801, 09260901, 09261101, 08003401, 08003501, 09266301, 09266401, 07105101, 07105301, 07106601, 07107701, 07107801, 07108001, 07108901, 07109201, 07109401, 07109801, 07109901, 07110701, 07110501, 07111701, 07112101, 07112501, 07115001, 07115101, 07116001, 07116201, 07116701, 07127301, 08005301, 08005501, 08005201, 08004901, 07118801, 07119101, 07119301, 08009801, 08007601, 08009701, 08010601, 08009101, 08009501, 08010001, 08007701, 08008001, 08011401, 08020301, 08021201, 09266701, 07093701, 07118101, 07118401, 07121601, 07121501, 07121801, 07111201, 07123301, 07123501, 07123701, 07123801, 08008801, 07125201, 07125501, 07117001, 07122601, 07122801, 07122401, 09268101, 09268201, 09268301, 09268401, 09268701, 08012501, 08012701, 08003801, 08003701, 08012801, 08013201, 08013901, 09272101, 09273101, 09273301, 09275101, 09275201, 09275401, 09275501, 08017401, 08017301, 08017201, 08018801, 08019001, 08019501, 08019701, 09281301, 09277901, 09282601, 09283301, 09284201, 09285301, 09285501, 10019001, 07114301, 08000401, 07128901, 08001201, 08001001, 07126501, 07126801, 07127601, 07127701, 08002701, 08003001, 08002901, 08003201, 07128201, 07127401, 08005601, 08005801, 08006101, 08006401, 08006701, 08006301, 08008401, 08007501, 08019401, 08009201, 08010701, 08011101, 08020601, 08021701, 08021801, 08027601, 08027701, 08028501, 08028601, 08027101, 08029601, 08029301, 08029701, 08029901, 08035501, 08035801, 08035901, 08036001, 08036101, 08036301, 08036501, 08036601, 08012201, 08007901, 08010401, 08012301, 08010501, 08022901, 08022601, 08022701, 08028701, 08028801, 08028901, 08029801, 08040201, 08042901, 08043101, 08043201, 08043301, 08043401, 08043501, 08043601, 08043701, 08044101, 08044201, 08044401, 08044501, 08002001, 08002401, 08001801, 08013701, 08013401, 08044601, 08044701, 08044901, 08045001, 08045501, 08045301, 08045401, 08046201, 08046401, 08046701, 08046901, 08048101, 08048001, 08047901, 08048401, 08048801, 08048701, 08048901, 08049201, 08049601, 08049701, 07097201, 08050101, 08050201, 08050501, 08051101, 08051301, 08051601, 08051801, 08052101, 08052501, 08052701, 09263301, 08052801, 08053101, 08053201, 08054301, 08054901, 08055001, 08055701, 08015201, 08015801, 08015701, 08054601, 08054501, 08054201, 08054701, 08054801, 08055301, 08055601, 08060101, 08060401, 08060601, 08061001, 08061301, 08061501, 08061701, 08061801, 08061901, 08057201, 08062201, 08062401, 08063901, 08064001, 08064301, 08058801, 08064501, 08064601, 08064801, 08064901, 08065201, 08059801, 08060001, 08059701, 08015401, 08016101, 08016301, 08016601, 08016901, 08017101, 08066701, 08066801, 08067101, 08067301, 08067801, 08068001, 08063801, 08062701, 09000601, 09000701, 09000901, 09001001, 09001201, 09001601, 09001701, 09001801, 09001901, 09002201, 09002301, 08023501, 08066101, 08066301, 08068401, 08065701, 08069401, 09003601, 08035301, 09004001, 09004401, 09005201, 09004701, 09005301, 08050801, 09249801, 08023601, 08023701, 09250201, 09250501, 09250701, 09250901, 09251101, 09251501, 09042701, 10011601, 10015401, 08065801, 09253301, 09252301, 09252601, 09252801, 09254001, 09254201, 09254301, 09254801, 09256101, 09256401, 09256901, 09257001, 09257101, 09257301, 09257801, 09258401, 09258801, 09259201, 09259301, 09259401, 09259501, 09259701, 09259901, 09261401, 09262201, 09262301, 09262401, 09262701, 09262901, 09263001, 09263101, 09263201, 09263401, 09263501, 09263701, 09263801, 09263901, 09264501, 09265101, 09265201, 09265501, 09265601, 09265801, 09267101, 09267201, 09267301, 09269101, 09269201, 09269301, 09269401, 09269501, 09269601, 09269801, 09269901, 09270001, 09270101, 09270301, 08065501, 09251901, 09252101, 09252201, 09270901, 09271001, 09271401, 09271501, 09272601, 09273401, 09273601, 09273801, 09274001, 09274101, 09274301, 09274501, 09274901, 09274801, 09276301, 09277001, 09277201, 09278701, 09278801, 09190502, 09278401, 09279101, 09278601, 09279301, 09280101, 09280301, 09280901, 09280701, 09281901, 09282101, 09282001, 09277801, 09283801, 09284601, 09284701, 09293401, 10013001, 10013101, 10017001, 10018201, 10018501
921|09258001, 09266001, 09267901, 09268001, 09268501, 09258901, 09261501, 09275901, 09103901, 09276401, 09278901
922|09281701, 09266501, 09267701, 09267801, 09258201
923|07020502, 06012002
924|06517702, 07001502
925|07017003, 05240401
926|05222201, 07105501
927|05233002, 07081302, 07108102
928|05233003, 07108103, 07081303
929|06786201, 05109001, 06786301
930|03021703, 05033402
931|07016701, 07034910
932|04072701, 05206201
933|06003001, 06777801
934|06511601, 05155701
935|08011202, 06708802
936|08011204, 08011005, 06606502
937|04076202, 06692802
938|07126202, 07126302
939|06635502, 06791602
940|06679602, 06738302, 06691502, 06708402
941|06049902, 06747202
942|06753101, 06766301
943|06507202, 06539002
944|06561401, 04072401
945|05036901, 05037301
946|07099001, 09258601
947|07011701, 09285401
948|06719401, 07017401, 07017301
949|06567601, 06761501
950|04077901, 06647701
951|05157402, 06050002
952|06550602, 06562701
953|09188110, 07095212
954|04074601, 07020401
955|06563001, 04070201
956|03037201, 03037301, 03037401, 05173301, 06030812, 05030101, 05032301, 05058101, 05104001, 07030506, 07038008, 06710207
957|06567101, 07033902
958|05235403, 07117301, 10001801, 06594901
959|07054101, 05118701, 06632601
960|05031701, 04114401
961|04112601, 05009501
962|04161001, 07045801
963|03045901, 06789501
964|05137201, 07038603
965|05127401, 07066904, 07043904
966|04114306, 06659201
967|05060601, 06000701, 06000801
968|05122501, 06018201
969|04111201, 04160804
970|04160801, 06582102
971|06721603, 04010308, 07070102
972|06708101, 09241503
973|05028901, 06538812
974|06555901, 06605105
975|05052102, 05142001, 07018903
976|04160702, 05106601, 06002302
977|06721601, 04010306, 07017904
978|05099201, 07030208
979|03045801, 04138802, 06532101, 09241504
980|06539801, 05078701
981|05237209, 07086101, 06702108
982|06608001, 04098604, 07067101
983|05032601, 06529401, 05074701, 06009701
984|05152602, 05020502, 05096102, 09173602
985|06635005, 06651508
986|06558601, 10010101, 10010201
987|05132403, 06560205, 04100901
988|05041405, 06791422
989|03015305, 03020201, 04001001, 04001301, 04016309, 04156201, 05146303
990|03003101, 03003201
991|03003102, 03003202, 07024003
992|04000601, 04000901, 04159602, 08068201, 09197906
993|03019801, 03019901, 04001201, 06774613
994|05093708, 07033903, 09114505
995|07033705, 09234301, 05194801, 05238201, 07031901, 09051101, 14198101, 14561901
996|05070407, 06035501
997|06664315, 05098117
998|06664314, 05098116
999|04010502, 06560202, 05013202, 05013802, 06041104
1000|04141901, 05052101, 05174601
1001|04160201, 05167301, 07039601