2001|09172801, 09104402
2002|09046002, 09040802
2003|06017801, 07072305
2004|05226601, 06525002, 06532802, 07081703, 06610702, 07027901
2005|06779703, 06699406
2006|04164103, 06582502, 06524303, 06613302, 06758011
2007|03025002, 06573402
2008|06528101, 06651601, 09009002
2009|03005001, 06574702
2010|09008312, 07086214
2011|06032201, 06661401
2012|05230403, 06595608
2013|05050402, 05193902
2014|06758501, 09278001
2015|06650902, 09006102
2016|03029606, 04117904
2017|03035302, 06701420
2018|07037806, 07044605
2019|06584801, 06559501
2020|06750806, 06606001, 07036501, 06768601
2021|06750805, 06667701
2022|07029401, 07041805
2023|06034904, 08031101
2024|06522901, 06639001, 06772801, 06676501
2025|06522902, 05233402, 06639002
2026|04021705, 04148001
2027|07027401, 08043901
2028|06647903, 06775708, 06666101, 06608402
2029|09076901, 07050801
2030|05160902, 05198902
2031|03022803, 06678601
2032|03009801, 07051406
2033|06037101, 09211104
2034|06623502, 06775704
2035|09310301, 06640001, 06585301, 06771901, 08030703
2036|06659901, 06764301, 06677401, 06610001
2037|05121906, 06662101, 08005001, 07028701, 10009501
2038|06762704, 07084404
2039|09232203, 09195903
2040|05040402, 07086904
2041|04061201, 04065201, 04155501, 05008601
2042|09202501, 07091404, 09046401
2043|06504201, 08026501, 07114701
2044|09027502, 06664902, 07027802, 07025102
2045|06040101, 06046401
2046|05231201, 06662801, 09088101, 07039101
2047|05229701, 06004501, 06004801, 09018003
2048|07048801, 06654501, 06556101
2049|05229801, 06034601
2050|09287201, 09171601
2051|03043001, 05188101
2052|03028801, 06011501, 06663901
2053|06525901, 05233001, 07081301, 07108101
2054|09304201, 06645101
2055|05177406, 06768901
2056|06533003, 06639702, 07038002
2057|06593401, 09256002
2058|05001001, 07062404, 10005701
2059|05026901, 09303601, 07023708
2060|04086107, 06043001, 07060902, 05088501
2061|06054001, 06504001
2062|03024805, 07000503, 09278205
2063|06774001, 06767303
2064|09300501, 06620501
2065|07000502, 08002802
2066|04157401, 07035301
2067|07022801, 09278101
2068|05226801, 06677913
2069|04114114, 06591201
2070|05052305, 05203501, 05203601, 05203701, 05204201
2071|04015105, 04016207, 04164201
2072|03042702, 09255001
2073|07038402, 06784102, 07072402
2074|04164402, 07043502
2075|06590502, 06658702, 07042702, 09035502
2076|03009601, 03047401
2077|04163802, 07063002, 09014303
2078|07038403, 06784103, 07072403
2079|06590503, 06658703, 07042703
2080|09310202, 04018708, 06705401
2081|05184404, 05122002
2082|06533202, 07046201
2083|03051002, 07076404
2084|06646201, 09024302
2085|07082101, 07031601
2086|03033402, 07055803, 09295603
2087|09029301, 05088701
2088|09029302, 05088702
2089|06719701, 06659701, 06739802, 07037802
2090|06526902, 06019308, 09168510
2091|06529501, 07032707
2092|06041105, 06041301
2093|07032701, 09106508
2094|03060002, 05235703
2095|07126902, 07126203, 09130202
2096|06588605, 06624901
2097|06692701, 06745601, 07028703
2098|07032404, 06017001
2099|04005010, 06766503
2100|03034401, 06740304, 09114506, 06770403
2101|06538001, 10017102
2102|06638901, 07030301
2103|06009101, 06684901, 07030202
2104|06757602, 08013501, 07030601
2105|05230609, 05072203, 05231406, 06708309, 07027202
2106|04112604, 05009504
2107|04108101, 05171801
2108|05224401, 06010801, 07075101
2109|04108104, 05171804
2110|06677001, 06715501
2111|04163502, 06780702
2112|06009104, 07072604
2113|09043402, 09129903
2114|04016101, 06651602, 07032909
2115|07082104, 07078303
2116|05059004, 07082103, 07031604, 07078302
2117|06541603, 06657203
2118|05225402, 06739201
2119|06554602, 06749502
2120|06554601, 06749501
2121|06586403, 06638703
2122|09068705, 07066207
2123|05196001, 06516608, 07033405, 07028101
2124|06009105, 07072603
2125|07062202, 07095103, 09148102
2126|03029401, 06773908
2127|05145006, 05002601, 06771803, 07029702
2128|04163501, 06780701
2129|09081101, 07089601
2130|05229301, 06559401, 07032102, 07032002
2131|03036207, 04164302
2132|09303002, 06595601
2133|07054801, 06018303, 09120301
2134|06668001, 06016103
2135|04147201, 07046101
2136|04064701, 07031704
2137|04153904, 04082904
2138|05104502, 07017603, 08051401, 07047502
2139|07108706, 05168211
2140|04143408, 06694701
2141|07060401, 06677202, 06716102, 06736803, 07033402
2142|03029504, 05228201
2143|09296201, 07030302
2144|
2145|08011207, 06705002
2146|09061202, 06577503
2147|05002304, 06626903
2148|04057702, 05239903
2149|06554203, 05045103
2150|05070406, 08044002
2151|06766702, 07011004
2152|09257904, 06769802
2153|06679701, 07037301
2154|05172801, 07077208
2155|03036203, 06524403, 04066201, 06741301
2156|06034902, 06766901, 06737702
2157|04061301, 09289601, 07035604
2158|07033503, 05231702, 06750804
2159|07084705, 07072805
2160|04163602, 05013109, 07094804
2161|03017402, 09298702
2162|08027801, 08021401, 08021301
2163|06721801, 04059103, 05162001, 05238401, 06744601, 07056401
2164|06557701, 06546901, 07031201, 05238301, 06643501, 07086001
2165|04153802, 08021606
2166|06554402, 07074303
2167|08021505, 06767304
2168|06696704, 09013403
2169|03029502, 05228206
2170|05188801, 06596502
2171|06744605, 07056404
2172|04059901, 04158501
2173|06554902, 06704101
2174|09046001, 09040801
2175|07038401, 06784101, 07072401
2176|06590501, 06658701, 07042701
2177|04163801, 07063001, 09014302
2178|07033502, 05231701, 06750803
2179|07084701, 05088707
2180|04163603, 05136401, 06627401, 05013106, 08027301
2181|09046003, 09040803
2182|05047206, 06662102, 07028705, 06550502, 07034804, 06633001, 06583502
2183|06662401, 06773604
2184|06680602, 10009703
2185|03009910, 05099202, 06707801
2186|07026705, 06705601, 05231801, 07055902, 07031401
2187|04160703, 06552501
2188|07027404, 06773302
2189|04163601, 06627403
2190|05101201, 05208201
2191|04139702, 07096502
2192|05231203, 07039108
2193|06582601, 06612501
2194|04023402, 06525001, 06532801, 06610701, 07072501
2195|07117801, 07083101
2196|04063801, 09014602
2197|06595602, 06737705, 06611902
2198|06547201, 06674901, 07029706
2199|04076902, 08005902
2200|06763303, 07065602, 10008901
2201|07057611, 07031701
2202|06679402, 06766803
2203|09165101, 06678503
2204|07081903, 10012301, 08023003
2205|04064202, 04145801
2206|06676901, 06022205
2207|06528501, 09060901
2208|04164405, 06605502
2209|04164404, 06605501, 09022001
2210|04163804, 07063004
2211|04016205, 08067009, 07042805
2212|05147901, 06587302, 06022903
2213|05044203, 06006803
2214|07026701, 07029203
2215|06011601, 09167301
2216|06673204, 07092601, 06770201
2217|09008301, 07086201
2218|03009802, 07051407
2219|03009602, 03047402
2220|05094401, 06720801
2221|06556001, 06567901, 06596501
2222|06632101, 06544906, 07042808
2223|06634002, 06585403
2224|07077201, 07034902
2225|07090102, 06590901
2226|05231403, 06644002
2227|06514903, 09102303, 09062302
2228|05026202, 05218802
2229|05231608, 07028704
2230|05116601, 06680502
2231|09173703, 06782803
2232|05145501, 07080201, 09068203, 06763102, 07087404, 06576201
2233|06012701, 07085102
2234|04152602, 04152702
2235|05140304, 05013103, 04066206
2236|05162005, 07050211
2237|06636501, 06772802, 07055901
2238|06043901, 06771702
2239|06041801, 06033201, 06036001, 06680201, 08022201
2240|03018601, 04060201
2241|03004701, 07060901
2242|07082111, 07031612
2243|07082108, 07031609
2244|07027402, 08043902
2245|06751005, 07028002
2246|06722204, 04043812
2247|04059601, 05199301
2248|05177101, 05201401
2249|04043810, 05202401
2250|07038207, 06618308
2251|04001104, 05230608, 07026801, 07049502
2252|09303201, 07062301
2253|06739801, 07037801
2254|07008904, 06681703
2255|10003002, 05200702
2256|06567902, 07044604
2257|09147502, 08006002
2258|05236202, 09009702
2259|06570502, 09091802
2260|06574902, 07075904
2261|06746502, 07048302
2262|05172803, 07077210
2263|07034601, 07030303, 07027904
2264|07088901, 09004801
2265|07022803, 09278103
2266|05232507, 09281202
2267|09068710, 07066211
2268|07027804, 09027504
2269|06744607, 06699102
2270|
2271|07056503, 07055203
2272|05168206, 09260201
2273|04083109, 05145008, 09018903, 04071103
2274|06710215, 06594602
2275|04082902, 04153902, 07068304
2276|03025803, 09222706
2277|06546904, 06557704
2278|07084704, 05088710
2279|06721803, 06744603, 07056403
2280|06557703, 06546903
2281|07084703, 05088709
2282|05013108, 08027303
2283|07027910, 07083102, 09222002
2284|05190501, 06783802
2285|06043903, 07033504
2286|04082804, 06671103
2287|06779704, 06696903
2288|06008904, 07080803
2289|09022604, 09203402
2290|09016103, 07084710, 06744608, 07056408
2291|05013111, 08027307
2292|07037902, 07080206
2293|06011603, 09167303
2294|06046902, 05236602, 09129002
2295|05231603, 09011701
2296|04082504, 09051702
2297|04082503, 09051701
2298|09029303, 06710206
2299|05190503, 06783807
2300|07125004, 09069501
2301|06757305, 07053105, 08052002, 08067002
2302|05227902, 09018502
2303|09081102, 07089602
2304|08021507, 09290301
2305|06521305, 06557303
2306|06011604, 09167304
2307|06741603, 07030203
2308|05149101, 06663201
2309|03020601, 07046402, 05049502, 05169302, 06679902, 06787302, 09230504
2310|09173701, 06782801
2311|06763302, 10008902
2312|06654502, 06556102
2313|04078302, 05166010
2314|09217401, 09136302, 09103202, 09146301
2315|04144002, 09293001
2316|03003701, 04081701, 06032209
2317|05073201, 06699407
2318|07027806, 09027506
2319|06612301, 05098104
2320|04066102, 06691804
2321|06040402, 06032602, 06635504, 06791604
2322|06782304, 06786403
2323|09031302, 07071303
2324|06743601, 06579903
2325|05227901, 09018501
2326|03013001, 05007201
2327|03038504, 06560103, 09026803
2328|05083604, 06575501
2329|03038503, 06560102
2330|05027601, 05229201
2331|06550311, 06588203
2332|06743413, 08000703
2333|06584509, 06756702
2334|04112603, 05009503
2335|06694301, 07038005
2336|05172802, 07077209, 06693401
2337|06721802, 05162002, 05238402, 06744602, 07056402
2338|06546902, 06557702, 07031202, 05238302, 06643502
2339|07084702, 06744606, 05088708, 04059104, 09196901
2340|05136402, 06627402, 05013107, 08027302
2341|07068301, 09141101
2342|06779701, 06612701, 09230601
2343|06743302, 08028401
2344|06664901, 07027801, 07025101
2345|07063504, 06737103
2346|05235601, 07034901, 09311801
2347|06009003, 07006603
2348|06009002, 07006602
2349|10002101, 05184901
2350|06759412, 06667801
2351|05117802, 05217402
2352|04146002, 04146301
2353|05229703, 06004503, 06004803
2354|04064801, 06541801, 07082802
2355|05229001, 07033201
2356|06516601, 07117401, 07027912
2357|07083301, 06645801
2358|06755602, 07043102
2359|03048304, 06660703
2360|06554608, 06684504
2361|09018901, 04071101
2362|09291201, 07071005, 08020705
2363|05145609, 06613703
2364|06758503, 09278003
2365|09288101, 06750401, 06702702
2366|07075202, 04064501
2367|05231104, 06631101
2368|03023201, 03024201
2369|03053102, 03053201
2370|04016102, 06651609, 07032910
2371|05230510, 06617018
2372|03048305, 06755610
2373|06673201, 09287302, 07092602, 06770202
2374|04083706, 09302802
2375|06772602, 06638603, 08005002, 07028702, 10009502
2376|06663902, 06011502
2377|09157802, 09176502
2378|07048805, 06654505
2379|06528102, 09009003
2380|08021502, 06767302
2381|06599003, 06691901
2382|06552603, 07062403
2383|05237302, 09308002
2384|06041802, 06033202, 06036003
2385|06753502, 09239904, 09240004
2386|06546602, 07049503
2387|06004702, 06646206
2388|06676903, 06022206
2389|09304203, 09203502, 06602802
2390|05009902, 06739602, 06023203
2391|06011602, 09167302
2392|07086903, 06011504
2393|06640905, 06759103
2394|06554604, 06749503
2395|
2396|05231605, 05231202, 06662803
2397|09173706, 06782806
2398|09173704, 06782804
2399|09239002, 09213301
2400|05171913, 06775603
2401|03038507, 06559408
2402|06547202, 06674902
2403|03023202, 03024202
2404|06046905, 05236605, 09129004
2405|06012805, 06020605
2406|07069302, 09171302
2407|06575202, 06630402
2408|09089902, 05222802
2409|06516607, 05226202
2410|06719503, 09297003, 05231408
2411|08058203, 09293303
2412|03038508, 07095608
2413|06746402, 10015002
2414|09310302, 07029504
2415|06677203, 06716103
2416|09296503, 06755704
2417|10004601, 06636602
2418|10002102, 07024203
2419|06575203, 06630403
2420|06046904, 05236604
2421|09288103, 06750403
2422|03002702, 09099403
2423|06008905, 07108704
2424|09045404, 06538810
2425|05225411, 06740202
2426|06606002, 07036504, 06768602
2427|05009903, 06023204
2428|06719502, 06602902, 09297002, 06644003
2429|07034205, 07029503
2430|04083505, 09054606, 09216503, 06644004
2431|06696705, 09013404
2432|06649302, 09286701, 06717802
2433|09068706, 07066208
2434|07022804, 09278104
2435|07004401, 06603101
2436|05026904, 07023711
2437|10017602, 09246903
2438|06038903, 05178703
2439|06552602, 09309502, 07062402
2440|06523203, 07087003
2441|
2442|03033404, 07077302
2443|05232407, 07073407
2444|05228301, 10014401
2445|09301101, 05235801
2446|05092802, 06050502
2447|03033401, 07077301
2448|08026304, 07044704
2449|06552601, 09309501, 07062401
2450|06525403, 08050304
2451|05036902, 05037302
2452|09303001, 07040501
2453|04114113, 06591202
2454|05230908, 04077202
2455|07057607, 07031706
2456|05083202, 07060801
2457|06734702, 06738202
2458|04108102, 05171802
2459|08039401, 08039501
2460|06522903, 05233406, 06661901
2461|06658003, 07081704, 05233506, 06662901, 07027902, 07044501
2462|03034001, 06531301
2463|07027803, 07076304, 09027503
2464|07109501, 09214001
2465|07063202, 06746401
2466|06517305, 06750901
2467|04083705, 09302801
2468|06677201, 06716101, 06011505, 07033401
2469|06031801, 07095602
2470|06517335, 05209402
2471|04151602, 04132803
2472|06532002, 06695304, 06745903, 09296401
2473|06691101, 07076306
2474|07076305, 07068904
2475|06532001, 07111601
2476|04063501, 04145001, 04017411
2477|06649301, 07033403
2478|06739202, 08030701
2479|04015106, 04016208
2480|06639807, 08000304
2481|07068501, 06571905
2482|06526901, 06689301
2483|06741602, 07030204
2484|07029501, 06636601, 07087405
2485|06537602, 05239001, 06610801, 08043001, 06556104
2486|07032502, 07049505, 06773101
2487|06750005, 06531501
2488|07052603, 06749601
2489|06532405, 07073204, 07032202
2490|03036206, 06579902
2491|06585923, 09297001, 05231407, 09288701
2492|03018605, 06526801
2493|03009605, 03047406
2494|08056601, 09148103
2495|05236201, 09009701
2496|06590303, 09008005
2497|07095601, 06031802
2498|05184801, 05221001, 06755703
2499|05156301, 06691803, 06767801
2500|07081904, 08023004
2501|04063401, 06784601
2502|05229306, 06559404, 06575201, 06630401, 09232801
2503|03029601, 07025103, 06531701
2504|05232303, 06621909
2505|07101301, 07012101
2506|06523501, 09293602
2507|06538801, 09067602, 09067501
2508|07063503, 06737102
2509|07064104, 07127804
2510|05236204, 09009704
2511|05064302, 05217802
2512|06747004, 09007607
2513|05228204, 08025704
2514|06753501, 09239902
2515|07082110, 07031611
2516|07082107, 07031608
2517|07026101, 06617401
2518|06677914, 06742701
2519|06746503, 07048303
2520|06627701, 08056203
2521|10000701, 06767301
2522|07077202, 08021503
2523|06579201, 04019001
2524|07082105, 07031606, 07078304
2525|04154005, 09020802
2526|06526301, 05064902, 08021512
2527|07057002, 05167702, 06015104
2528|07057001, 06766601
2529|07055602, 07091802
2530|06706303, 09071501
2531|07042103, 09111703
2532|07042104, 09111704
2533|06548601, 07002301
2534|06738904, 07105401
2535|09054601, 09216502
2536|03035001, 05192501, 09010601
2537|03038502, 06559407, 06560101
2538|06705602, 07031402
2539|06608412, 09067601, 09293601
2540|04137901, 05117102
2541|06563601, 08011001
2542|07038205, 10016601
2543|03036201, 06524401
2544|04061601, 05073601
2545|04147701, 04067801, 06540403
2546|08038801, 09293901
2547|05012502, 07028406
2548|09200301, 09106901
2549|09169402, 07060702
2550|06764802, 06689002
2551|05225401, 06517301, 06740201, 09039001
2552|06738906, 07105402
2553|05002303, 06626902
2554|06554202, 05045102
2555|05156303, 06577302
2556|06604901, 07036506
2557|06032903, 06674701
2558|07037501, 06716701
2559|05119701, 07072202
2560|04152601, 04152701
2561|07034603, 05231109
2562|06661902, 09158006
2563|06662902, 07027903, 07044502, 06017911
2564|05233201, 09052101
2565|06520401, 06691301
2566|07090801, 07072601
2567|04018213, 06588402, 06657601
2568|07089301, 06667301
2569|04066001, 06015105, 07104301
2570|06679702, 07037302
2571|07057608, 07031707
2572|04147603, 04079103
2573|06561403, 04072403
2574|06561402, 04072402
2575|05064401, 06042001
2576|04163904, 04062202
2577|03035301, 10012204
2578|06768403, 07106803
2579|06768401, 06751004, 07106801
2580|05147602, 05008105
2581|06658001, 06551501, 06771701, 06690201
2582|06658002, 05233502, 06551502
2583|09127401, 10014901
2584|05236101, 09018004
2585|05116301, 06026702
2586|04164105, 06524304
2587|06633501, 07003801, 06531702
2588|06517704, 07001503
2589|06691504, 06708404
2590|04075802, 04164702
2591|04164503, 04164603
2592|06725404, 06533001, 07059901
2593|05060002, 05097408
2594|06637103, 06738908, 07105404, 10014502
2595|07052601, 06047501
2596|05140002, 07064404
2597|05140003, 07064405
2598|06533004, 06639703
2599|06046901, 05236601
2600|05223401, 09171301
2601|07037502, 06716702
2602|07104601, 09129904
2603|07073701, 05150201
2604|04163604, 07052406
2605|05223801, 09280001
2606|06009001, 07006601
2607|07104101, 07103904
2608|07076307, 06523802
2609|07027805, 09027505
2610|06049702, 06050702
2611|04083301, 06052301
2612|06548603, 07002306
2613|07125003, 09092902
2614|06677601, 07089303
2615|03046801, 07000501
2616|06005502, 05065201
2617|06746504, 07048304
2618|03046303, 04060901
2619|08056603, 06770001
2620|07075204, 04064502
2621|05119401, 07110601
2622|06560403, 05072703
2623|09312401, 05233101, 08040901
2624|06027801, 04057801, 05233802
2625|06586002, 06654402
2626|07076303, 07068903
2627|05160501, 06002005
2628|03024804, 09278204
2629|05045302, 07039603
2630|04112602, 05009502
2631|09239907, 09240007
2632|09173702, 06782802
2633|09018905, 04071105
2634|07044410, 06016710
2635|04017521, 07076703
2636|06746501, 07048301
2637|06005505, 05210202, 05210302
2638|05003202, 05005302
2639|05064301, 05217801
2640|05147902, 06587303
2641|05009904, 06739603
2642|06789101, 07066204
2643|05026902, 06555501, 07023709
2644|05227208, 05231106, 06602601
2645|06559502, 07034602, 06694501, 06636002
2646|05009901, 06023201, 06739601
2647|03029604, 04117902, 07092902, 06041102, 09016901
2648|03009603, 03047403
2649|06583901, 06557807, 06585607
2650|09201601, 07085001
2651|06690802, 07025504
2652|03029501, 05228205
2653|10002103, 05184904
2654|04147601, 04079101
2655|05174902, 04018801, 05186504, 06531201, 08039102, 06670503
2656|06551601, 06721301
2657|09018906, 04071106
2658|07058204, 07027913
2659|09018904, 04071104
2660|04074902, 06613105
2661|06730103, 08069502
2662|06741601, 07030201
2663|07065207, 06584407
2664|05207614, 06780501
2665|09232201, 09195901
2666|05005308, 05209002
2667|07082106, 07031607, 07078305
2668|09008302, 07086202
2669|03036202, 06524402
2670|06022901, 09152201
2671|04065101, 06753801
2672|05168601, 07040305
2673|09305401, 09024101
2674|04143301, 07055202
2675|05139801, 07095102, 09148101
2676|05028803, 05162004
2677|05140303, 05013102
2678|05028701, 05216601
2679|06546603, 07071502
2680|04153903, 04082903
2681|09007201, 09005903
2682|06740306, 06770404
2683|05147618, 07071506
2684|09089901, 06686501, 05222701, 05222801, 06667901
2685|05229702, 06004502, 06004802
2686|09051703, 04082501
2687|06783901, 07070201
2688|04153901, 04082901
2689|07082109, 07031610
2690|05234901, 07039702
2691|04004621, 05193419, 05023514
2692|07032104, 07029106, 06015302, 07032003
2693|04146004, 06512004, 09111002, 07088202
2694|06675804, 06703407, 06577407
2695|06585934, 04080304, 04107205, 06591805, 09006704
2696|06046909, 05236609
2697|06046910, 05236610, 09129008
2698|06046911, 05236611, 09129009
2699|03009901, 04100001
2700|06628701, 06575308
2701|03039307, 07063411
2702|04081340, 07063412
2703|06773703, 06743406
2704|03051501, 03052003
2705|04143302, 07056501, 05056101, 07055204
2706|05046001, 06651506
2707|06758702, 06791406, 07064801
2708|06555601, 05168208
2709|05056805, 03012306, 06664201, 09232107
2710|06000101, 04112701
2711|07036403, 09111504
2712|06511902, 06698701, 06655706
2713|05106001, 05123901
2714|06749234, 06664208, 06548120
2715|05154602, 06504102, 07100302, 09019902
2716|07115401, 09287702, 07108702
2717|06741701, 07031806
2718|03052601, 03052701, 04013402, 06539307, 06631502, 04138701, 06578001
2719|03043301, 03043401, 03043501
2720|03043601, 03043701, 03043801
2721|06751801, 06761412
2722|06606701, 04114301
2723|04133301, 05097411
2724|06632401, 07059406
2726|03041101, 06636903
2727|05117801, 05217401
2728|05217101, 05217201
2729|05194901, 07067102, 09286601
2730|07036401, 05217301
2731|06765503, 07042105, 09111705
2732|03024401, 09300602, 07061902, 09039101
2733|05229165, 08042805
2734|05193401, 06715901, 05022202, 05110902, 09110803
2735|04096601, 05035101
2736|05135401, 05051801
2737|05097301, 05128101
2738|03049102, 05057801, 05192702
2739|05070901, 05017602, 07045203
2740|05229143, 09308806, 06664305, 05098107, 10006106
2741|06622503, 07006701
2742|06677902, 06678102
2743|05146801, 08056501
2744|07010007, 08038701
2745|06734705, 07049504
2746|03033904, 09021306
2747|04020304, 04020812
2748|04117001, 04115901, 04119301, 05009601
2749|07044403, 06016703
2750|04146409, 04104402
2751|09300603, 07061903, 06625607
2752|06657504, 08014307
2753|06654206, 06761417
2754|05230305, 06728102, 09286502, 07043604, 07046903
2755|06525602, 06539302, 07052102
2756|07064505, 06564605
2757|05022203, 05110903, 09110804
2758|09289802, 05008802
2759|06699309, 07079404
2760|06654210, 06657506, 06761425, 08014309
2761|05224608, 06775702
2762|06721081, 06548122
2763|06671202, 09288802
2764|06511404, 06699705
2765|07047705, 09262505
2766|06685715, 06552802
2767|06564706, 06683905
2768|05227013, 07081907, 09297705, 05105805, 05223809, 06535105, 08023007
2769|06619605, 08065004
2770|07124803, 09011104
2771|05115507, 09299102
2772|09145503, 09122202
2773|06509606, 05171906, 09186702, 09128304
2774|06510404, 06742103, 07049103
2775|05235408, 09094706
2776|03006403, 05227018, 09297706, 05105806
2777|07087803, 09147602
2778|09291102, 06648204, 08038203, 06706903, 06606603, 07063804
2779|06642805, 06648805
2780|06570907, 07048413
2781|06571603, 06710802
2782|06545209, 09311603, 08052603
2783|06566505, 06571602
2784|06527304, 06664203
2785|05070410, 06766202
2786|07048410, 05228723, 14586601, 14586701
2787|06698203, 06721008
2788|06566507, 06699505
2789|07081003, 07114605
2790|03017701, 05225913, 05227021, 09297709, 05105809
2791|06685418, 06649109
2792|06616912, 06617015
2793|06512312, 06734905, 07055509
2794|05237608, 06571404
2795|05229144, 07049702
2796|09310803, 06558602, 10010203
2797|07057612, 09023704
2798|05003207, 05005306
2799|09080904, 07064504, 06564604
2800|07047703, 09262503
2801|05139103, 06788503, 06785403
2802|03055903, 06675604
2803|05035503, 07053202
2804|06787907, 06719207
2805|06509607, 09186703, 09128305
2806|07062002, 09015210
2807|06717015, 06750105, 06576310
2808|06750106, 06576311
2809|07056206, 06701412
2810|08058102, 09291601
2811|09296803, 10015203
2812|06627512, 06559218
2813|06609502, 06688202, 05019602
2814|09303704, 06614804
2815|09080902, 08037402
2816|03006404, 05227020, 09297708, 05105808
2817|06787908, 06719208
2818|04091305, 05032906, 06784506
2819|06721066, 06622905
2820|07125008, 09011106
2821|06700310, 06664320, 05098122
2822|07056701, 06706001
2823|05032904, 06784504
2824|07048406, 06649113
2825|03008210, 05227019, 09297707, 05105807
2826|05224112, 05235602, 05229113
2827|07059802, 06699411
2828|06734513, 06625612
2829|07050903, 09196403
2830|03052602, 03052702, 04013204, 04013403, 06539308, 06631503, 04138702, 06578002
2831|06632302, 07054004
2832|07044405, 06016705
2833|05235207, 07053913
2834|05032903, 06784503
2835|07044408, 06016708
2836|05235409, 06712103
2837|07043602, 09012906
2838|07048405, 05228721, 14070602, 14586502
2839|04100702, 05204702, 05204802
2840|06730705, 09177703
2841|09291101, 07064503, 06564603, 07063803
2842|06673805, 05230111
2843|07075502, 09301402, 09291002, 05014001, 05138802, 09229903, 09290901
2844|07069810, 07069609
2845|06535711, 06555602, 05168209
2846|07010804, 07069809, 07069608
2847|03018904, 06754411, 07044706
2848|05237519, 09286403, 06538905
2849|07037203, 06749216, 09197903
2850|05163403, 10003203
2851|03043302, 07057308
2852|07051009, 09158803
2853|04108202, 07053016
2854|06574407, 06568403
2855|05227028, 09297713, 05105813
2856|07048407, 05228722
2857|03039322, 05002904, 07007505, 06635006, 06651509
2858|07057307, 09188108
2859|07059105, 08036405
2860|06574406, 06568402
2861|03009403, 07034303
2862|06511707, 07069703
2863|06749226, 06685723, 07039206, 06552804
2864|07124904, 07066505
2865|09303804, 09083004
2866|09304302, 06645106
2867|06732508, 06647112, 06754614, 09064603
2868|06773403, 06710605, 06605104, 06700307, 06571302, 09261207, 10015804
2869|03008206, 05229111
2870|06721036, 06548113, 06750303, 09261208
2871|07048505, 06715607
2872|07068706, 05186803, 07054909
2873|05042403, 07059408
2874|07058404, 09012606, 09030303
2875|05085705, 06648907
2876|06028003, 06649207
2877|05229198, 06782703
2878|03043403, 03043503
2879|06567905, 07050502, 06596505, 06557803
2880|06544904, 05020902
2881|09239905, 09240005
2882|07045403, 09015208, 07056205, 06701411
2883|03005902, 04132302, 04131202, 09024803
2884|05229164, 08042804
2885|07051005, 06750102, 06576305
2886|06011903, 06791403
2887|06648504, 09176005, 07062102, 07036202, 06733805, 05235103, 07010002, 09103603, 09290402
2888|06029302, 06029402
2889|06655714, 07020002
2890|07004003, 07010003
2891|04121202, 04165502, 04165602, 04165701
2892|05009802, 06739605
2893|06734512, 06625611
2894|06513303, 06565003, 06618104, 06735602, 07051504
2895|06721050, 06548116, 07063409
2896|07104709, 06573903
2897|05235406, 07117304, 10001803
2898|07079208, 09297602, 08060702
2899|06651611, 06712204
2900|03045602, 05230108, 09020902
2901|06029303, 06029403
2902|06750103, 06576306
2903|06721009, 06548106, 07063404
2904|05066902, 06709309
2905|08030402, 08030503, 09218902
2906|05228003, 07043705, 09094704, 09243303
2907|14199901, 14563601, 13152701, 14246101, 14583701, 14560801, 14562301, 14586401, 14562601, 14562901, 14560501, 14580601, 14560701, 14127801, 14561101
2908|14180101, 14559401, 14424301, 14434401
2909|14561701, 13789301, 14560401, 14563001
2910|06595302, 07004002
2911|06510609, 06537907, 06732803, 09012908
2912|05228812, 06564507
2913|06543807, 07036503
2914|06657502, 06761409, 06654203, 08014305
2915|05237607, 06571403
2916|05235407, 07117305
2917|06761415, 06654204
2918|06539526, 10003304
2919|06729305, 06655710
2920|06732507, 06647110, 06754606
2921|06566104, 06592103
2922|03039321, 07007504
2923|05228820, 06730107
2924|05224110, 04091202
2925|05227027, 09297712, 05105812
2926|06527305, 07031805
2927|06599002, 05117101
2928|09169404, 07060709
2929|09310602, 06625604
2930|05227022, 09297710, 05105810
2931|09297711, 05105811
2932|05237609, 06571405
2933|06717006, 06651103, 06750104, 06576308, 06570403, 06770903
2934|06660003, 06747605
2935|05237606, 06571402
2936|06510402, 06742102, 05186703
2937|03006002, 04133102
2938|04092502, 05208502
2939|09030906, 05235202, 10003202, 06754303, 06559214, 06564505, 09064506, 09024802, 09147907, 09236507
2940|05163404, 05224011, 05235205, 06564607
2941|04096602, 05035102
2942|07081004, 07114606
2943|07065802, 07046403, 09303805, 06558902, 09083005
2944|06651607, 06620303
2945|06734903, 09073503
2946|03024402, 05229166, 08042806, 09039102
2947|05224101, 06636802
2948|06732502, 08060202
2949|07011903, 07066506
2950|06531803, 07097502, 06717013
2951|06710803, 09068403
2952|04134702, 07095210
2953|07030804, 09084803
2954|08038204, 06706904, 06606604
2955|09310502, 06515903
2956|06732506, 06647111, 06754610
2957|07081905, 08023005, 06603503
2958|04096903, 04091802
2959|06592704, 06754305
2960|10010703, 10013502
2961|08053405, 06756408
2962|09306803, 09304402
2963|09120404, 09244604
2964|06562102, 06632002
2965|04091803, 04096904, 07073903, 07094004
2966|09309603, 09124603, 07066703
2967|06562103, 06627510
2968|09299703, 06719803
2969|06011905, 06791405
2970|09175802, 05237206, 09030306
2971|06732504, 08060203
2972|05224606, 06562105, 06578603, 06559219, 06608802, 06699002, 09288806
2973|03008202, 05229123
2974|08026306, 06727701, 06625603
2975|04106908, 05049105
2976|06563907, 09186104
2977|09012602, 07063302
2978|03042104, 07104708
2979|09311404, 09152302
2980|03045604, 08031904
2981|03045603, 08031903
2982|07010705, 06684802
2983|05227014, 05232606
2984|05237507, 06744810
2985|06537506, 06744809
2986|06757102, 06758808
2987|05227009, 09297704, 05105804
2988|09197904, 06701410
2989|09188107, 07097310
2990|04091304, 05032902, 06784502
2991|06721080, 06548121
2992|09305702, 06048503
2993|03045605, 08031905
2994|03047802, 06697108
2995|06742602, 06658903
2996|09310503, 06038513, 06515904
2997|05215401, 06752902
2998|05138602, 07089902, 06648702
2999|07050902, 09196402
3000|06654207, 06657503, 06761418, 08014306