3001|04123502, 04165302, 04165402, 05013903
3002|06654209, 06657505, 06761424, 08014308, 07053907
3003|06721082, 06548123
3004|05227008, 09297703, 05105803
3005|03043703, 03043802
3006|05230702, 06684305
3007|05224615, 09221303, 09306602, 06643003, 06792203, 09050105
3008|06654208, 06761419
3009|06732003, 06559207, 07049404
3010|06651610, 06712202
3011|05096908, 06700311
3012|06524803, 06604303
3013|06011904, 06791404
3014|06734511, 06625610
3015|06750108, 06576314
3016|06761416, 06654205
3017|04017405, 06663402, 06662202, 06660505, 06722405
3018|07061605, 09192905
3019|06558402, 06573703
3020|07044002, 05083002
3021|06750107, 06576313, 08060204
3022|07067002, 09085804, 09167902
3023|09300604, 07075002, 07061904, 06538906
3024|06537908, 09188608
3025|07053307, 07063705
3026|07044003, 05083003
3027|06590602, 07073906
3028|04081342, 06591304
3029|07047704, 07046309, 05223310, 09262504
3030|06791417, 07103405
3031|06735605, 06622302
3032|05237205, 09175801, 08018701, 09030305
3033|05030301, 09279001
3034|04154001, 04083405
3035|09017703, 07063605
3036|03047801, 06697107
3037|05085703, 06648905, 06597103, 07097309, 09188106
3038|06648103, 06734001
3039|07004009, 07010009
3040|05074602, 05123202
3041|06029801, 06029901
3042|07004008, 07010008, 06017002
3043|06541901, 05117601
3044|03002201, 04026501, 05025001, 05117602
3045|07084202, 09119001, 04092301
3046|07036404, 05190201
3047|08004305, 07007702
3048|03007304, 08004304, 07007701
3049|03010002, 07052303
3050|03009903, 05107001, 06598620
3051|06038510, 06647103
3052|09306601, 06643001, 09050101
3053|04096901, 07094001
3054|05229106, 08027904
3055|06031401, 05167701
3056|09299502, 09309901, 04018902, 09144702, 09037601, 06697106
3057|06537504, 06744806
3058|07086303, 07083904
3059|04117201, 05127801
3060|07036801, 07101508, 06541709, 06664803, 05003701, 05043701, 05051303, 05113601, 06685412, 09201101, 06559101, 06746301
3061|05193417, 05224111
3062|10003402, 06539516, 10003301
3063|05017302, 07072006
3064|04135601, 04136301, 10010901
3065|04136601, 08056401
3066|04001107, 04083104
3067|05049405, 06001203
3068|06682305, 07075803
3069|04108108, 05171808
3070|04084213, 06628406
3071|09289801, 05008801
3072|07070701, 06574501
3073|06697101, 09147901
3074|06648902, 06634601, 06660601
3075|07055804, 06630301, 07046701
3076|06721014, 06548108, 07063406
3077|06768301, 09230501
3078|06717501, 06654901
3079|04093502, 06593303
3080|07044001, 05083001
3081|07066003, 07053306, 07063704
3082|07076701, 06620803, 06598401
3083|05070408, 05152901
3084|06662201, 06660503
3085|06515101, 06567001
3086|07050501, 05031301
3087|05067002, 05193412, 06560206, 07046905
3088|03008204, 05229119
3089|06765401, 06750304
3090|04117803, 06548702, 06513305
3091|03008101, 06622401, 06538304, 09266801
3092|06537906, 06732801
3093|04093701, 05225905, 06623101, 09037901
3094|05020801, 09234302, 05238203, 09051102
3095|05229185, 07039205
3096|06685403, 06649105
3097|04152401, 06595911, 06643809
3098|07080002, 06700302
3099|06510608, 06647101
3100|07069812, 07069603, 08046803
3101|06508403, 06682301
3102|03045601, 08031901
3103|09296802, 10015202
3104|03005901, 08026302, 04131201
3105|07069805, 07069604
3106|04004402, 04004702
3107|04148801, 06754601
3108|05220301, 06511708, 07069701
3109|05228801, 07058601
3110|04083202, 07045703
3111|03008201, 05229105
3112|06655703, 09216102
3113|06544912, 05229404
3114|03058102, 06650205
3115|05171501, 07052701, 06759001, 06680701, 07038801
3116|05228816, 06668701
3117|06648102, 06632001, 09037602, 06697105
3118|05131802, 06643801, 09188605
3119|05012401, 06734601
3120|08053404, 06756407
3121|09050602, 06693902, 06629901
3122|06035802, 06042702, 06747603, 06595903, 06547802
3123|07044705, 06538301
3124|06564501, 09064501, 06735501
3125|03051602, 07054203, 06018016, 09006501
3126|06510002, 09310102
3127|04011404, 06749801
3128|07051411, 07066001, 07063702, 10015701
3129|06542103, 10012203, 09158703
3130|06768201, 08031501
3131|09042903, 08030502
3132|09221301, 08064101
3133|07051003, 06699703
3134|09045501, 07057302, 09021501, 09120401
3135|07047701, 09262501
3136|08053403, 06756406
3137|06525601, 06773605, 06539301, 06631501, 07052101
3138|09286402, 06538902
3139|07057102, 06709302
3140|09015202, 07056202
3141|
3142|08065302, 09144802
3143|07031104, 08013004
3144|03018801, 05120201, 07040406, 09186901, 06571906, 05148202, 07025902
3145|07063606, 09012703
3146|07069808, 07069607
3147|09008304, 07086204
3148|04148703, 04094303, 06685301, 09064701
3149|06681201, 06557801, 07055201
3150|06038902, 05178702
3151|06721055, 08048501
3152|05115201, 07053601
3153|06566501, 06699502
3154|04119902, 06607003
3155|05227206, 06690501
3156|06673802, 05230107
3157|05059503, 05229402, 05237004, 06544910
3158|05229409, 06531801, 06652801, 09106501
3159|05034008, 06624807
3160|03010109, 05229115
3161|03025302, 05209202
3162|07014901, 09002902
3163|07004013, 07010014
3164|07043703, 09094702
3165|09055901, 09265001, 09279401
3166|07065702, 09098702, 09141402
3167|04150001, 04150101
3168|03034004, 04154004, 06566207, 09020801
3169|05049201, 06532301
3170|05232301, 09211101
3171|05143402, 09004602, 09236002
3172|05143401, 07010706, 09004601
3173|05230713, 09267002
3174|09303802, 05236902, 09083002, 09020302
3175|09303701, 06614801
3176|05229158, 09303702, 09303801, 05236903, 09083001, 06614802
3177|09303803, 05236901, 09083003, 09020301
3178|09309001, 06660502
3179|05182203, 06699409
3180|06576704, 04011208
3181|05235401, 06712101
3182|06743401, 09035101
3183|07058402, 09012604, 09115601
3184|07068201, 09122102
3185|07047304, 09103304, 06757401
3186|07068202, 09122101
3187|09115603, 09023701
3188|09162602, 09030403
3189|03001701, 05119005, 07045001, 07068601
3190|05228001, 09038901, 09243301, 07043704
3191|08062801, 09144901, 07037406, 09030302
3192|08065303, 07045707, 09144803
3193|05235402, 06712102, 09260002
3194|09303703, 06614803
3195|04018203, 06588401, 06684701, 08028001
3196|06687901, 07053602
3197|05198310, 07114808
3198|08053401, 06756401, 07043702
3199|06758101, 07091801
3200|07055601, 09024801
3201|07049908, 09066904
3202|09008309, 07086211
3203|07053305, 07063703
3204|05193203, 09158701
3205|03028501, 07118001
3206|06587901, 06621907
3207|07074701, 04004501, 04018301, 06755201, 09186103, 09126701
3208|06773601, 06667501, 06769501, 06744501
3209|04165801, 09069102
3210|05059001, 05115504
3211|05227601, 07084208, 09150701
3212|05226301, 05226401, 09089701
3213|07036201, 09290401
3214|06595301, 07004001
3215|09176004, 05235101, 07010001, 09103601
3216|06564702, 06683902
3217|06514001, 09121502
3218|05174101, 07008101
3219|04114104, 04160102, 05210001, 06724107, 06773915, 07033601, 10002706
3220|04114107, 06765501, 07042101, 09111701
3221|05019101, 07085103
3222|09147501, 08006001
3223|09008306, 07086208
3224|09008308, 07086210
3225|07036901, 06554303
3226|04106906, 05049106
3227|09015201, 07056201
3228|03057601, 05017501, 05147401, 08039101
3229|05058001, 05208601
3230|06584512, 05034002, 05050105
3231|05193408, 06715902
3232|06609901, 04005001
3233|04111001, 06609001
3234|04135502, 06593512
3235|05224701, 05029601, 04046701, 05033601, 05097701, 05159901, 07013002, 07081501
3236|04004307, 04004509, 05197702
3237|05131804, 09188607
3238|08009301, 07059306
3239|06556301, 06666901, 06618404
3240|06773702, 06743405
3241|05170206, 09229302
3242|04008501, 04009304
3243|04008003, 04009303, 05000803
3244|04008403, 04009103
3245|04007903, 04008201, 04009301, 04009501, 04009901, 04010001, 08069201
3246|04008602, 04160602
3247|03000102, 03000202, 03051104, 04008002, 05000802
3248|03000201, 03051101, 04007401, 04007901, 04008001, 04008401, 04008601, 04008901, 04009101, 04009302, 04009401, 04009503, 04160601, 05000801, 05002201, 04009202, 04020801, 05014401, 06740606, 06686202
3249|03019005, 04045504, 06771604
3250|04018702, 04152901
3251|03031501, 06601401
3252|07079702, 07031803
3253|04156901, 05036106, 07085703
3254|06648001, 09128701, 07088305
3255|06677801, 08021602, 09000502, 06714901
3256|05207611, 06736501, 06048510, 06595701, 06637701
3257|07056204, 05070802
3258|09169401, 07060701
3259|07065301, 09201003
3260|05018501, 06043701, 06701604
3261|05130601, 06766802
3262|06664313, 05098115
3263|04004809, 04004902, 06620001
3264|06650102, 06669002
3265|06548104, 06721005
3266|05098201, 06742006
3267|09008901, 09061101
3268|09305701, 06048502, 07057301
3269|09017702, 07063602
3270|06548101, 06721001, 07063401
3271|06548103, 06721004
3272|09299501, 04018901, 09144701, 06564504
3273|06721052, 06548117
3274|03052001, 05161702
3275|09296806, 10015206
3276|03005502, 06595908, 06706802
3277|05022201, 05110901, 09110802
3278|04005002, 06627503
3279|03042202, 05235305
3280|05066306, 09062603
3281|05229163, 08042803
3282|06558401, 08003101
3283|04079001, 05015601
3284|07089901, 06724601, 09011601
3285|09311403, 09152301
3286|06715606, 06624802
3287|04114308, 05003601
3288|04146402, 05230207, 06711902
3289|06630302, 07046702
3290|04090401, 07023401
3291|04090403, 07023403
3292|04090402, 07023402
3293|04117702, 05202901
3294|06734701, 06738201
3295|06520601, 09103301, 06679101
3296|07086301, 07081201, 07086102, 07033303
3297|06504301, 09112603
3298|05132406, 05130201
3299|05178401, 04135901
3300|06724109, 10002708
3301|05042301, 05153901, 06653101
3302|06002903, 10013701
3303|05226903, 05227024
3304|07051804, 06650009
3305|05070402, 06521601
3306|06773705, 06743407
3307|05146001, 05049103
3308|05229180, 08027913
3309|04106901, 05049101, 05169103
3310|06733202, 06575316
3311|10004901, 09150601
3312|05139102, 06788502, 06785402
3313|05091501, 07103406
3314|05133108, 04012004
3315|06535706, 06658905, 09143003
3316|06618303, 07080501
3317|05071801, 05143101, 04013801, 05113401, 06757405
3318|06743603, 04005006, 06725003
3319|04001101, 04137701, 05000701, 05194701, 07071901
3320|05182201, 06699401
3321|05182205, 09115604, 06699410, 06700309, 07043707
3322|09295201, 06739902
3323|04081332, 06634902
3324|04111003, 06609003
3325|06672101, 06544902, 06761901, 05020901
3326|03038401, 06675601, 07031102, 07033805, 05237514, 07022602, 06702105
3327|05051203, 05075403
3328|07058403, 09012605
3329|03042102, 03042203
3330|06564703, 06683903
3331|06564701, 06683901
3332|07081001, 06729301, 06655701, 07104707, 09216101
3333|04143501, 05058901
3334|03011601, 09012202
3335|03046701, 04121303, 09026301
3336|06584414, 09261703
3337|03017801, 06540101, 06576317, 07071308, 09001102, 06554001
3338|04081341, 05237610, 06571406, 06725406, 06708116, 09010403
3339|04134903, 04162402
3340|05093205, 06778902
3341|04101302, 06581507
3342|04015306, 07071210
3343|04014402, 04015302
3344|04122603, 09307701, 06674402
3345|05055701, 06575306
3346|05202501, 05204601
3347|04017202, 06609904
3348|05192510, 04102401, 05202502, 05204602
3349|06619604, 08065003, 09158702
3350|04121201, 04165501, 04165601
3351|03023803, 09007603
3352|03028502, 07118002
3353|06579806, 06712501
3354|05224002, 09062602
3355|06589502, 06579801
3356|06517001, 06576501
3357|04041701, 05096001, 05030001, 05046502, 07048701
3358|05144701, 04032201, 04037901, 05123701, 05166210
3359|04026402, 04030502, 05133501
3360|04038602, 05168901, 06708703
3361|04051702, 04052002, 04162502, 05165001, 06568202, 06773002, 06676603
3362|06533604, 07075211, 04033003, 05071002, 05095101, 06700902
3363|05086001, 05166601
3364|04010006, 08069206
3365|06640101, 05232804, 06772501
3366|04049301, 07066006
3367|03055201, 07040202
3368|05144601, 05121001
3369|05072301, 07088002
3370|04031601, 04033701
3371|04032501, 07047001, 09001105
3372|05232805, 06772502
3373|05086002, 05166602
3374|04008404, 04008903, 04009104
3375|04069401, 05003501, 09266101, 07046707
3376|05232807, 06772503
3377|04042601, 05072102
3378|04037501, 05076503, 04035501
3379|05070613, 09251002
3380|05195701, 05051601
3381|04035901, 05145801, 05193601
3382|03046606, 04041801, 04041901, 05168501, 04014003, 07008906, 09114504
3383|05099901, 06009901, 08060901
3384|06640102, 05232811
3385|03039803, 05124203, 05172003
3386|05094902, 04040403
3387|03039405, 05092301, 05181201, 05191101
3388|03031001, 07102701
3389|04036201, 05165905
3390|07052901, 07042901
3391|06774404, 09250801
3392|05048802, 05171402, 06775002, 07052902
3393|06678702, 06518104, 07076507, 05188702, 08001901, 06717102
3394|03013603, 04000903, 06774401
3395|03059305, 04050801, 05000206
3396|04040601, 07061707
3397|04144001, 09293002
3398|05173501, 05081201
3399|04035101, 05122601
3400|04035701, 04037202, 05194601
3401|05225501, 09002801
3402|04143701, 05071501
3403|05124202, 05172002
3404|04044603, 06530503, 05054602
3405|04005301, 04006201, 04006401, 04006501
3406|06612903, 06588204
3407|05164001, 05020401
3408|04086518, 06559216
3409|05230906, 05231006
3410|06726001, 05012701
3411|04047602, 04150302, 05167801
3412|07064201, 06710203
3413|06005203, 06702803
3414|03025802, 05189504
3415|05227219, 09294301
3416|04020905, 05000506, 05023901, 04010010, 04020204, 04020810, 05014503, 08053806, 08069210
3417|04020705, 06774614
3418|05001403, 05098603
3419|07066902, 07043902
3420|03024701, 03042601, 03042801, 05196901, 04034401, 05033401, 05124303, 06001801, 06020303, 09256801
3421|03017807, 03049201, 03059901, 04027004, 04034203
3422|05051302, 06685408
3423|04142902, 05196302
3424|04142903, 05196303
3425|04009703, 04009803
3426|04047701, 04158801
3427|04009410, 05000505, 04010011, 04020811, 08053805, 08069211
3428|04040101, 04152001
3429|05198301, 05221504, 06778702, 07114801
3430|04031603, 04032503, 04033703, 05171404, 07047003
3431|06560501, 06715201, 05148206
3432|04086508, 06559205
3433|05198311, 07114809
3434|05172702, 05124602
3435|05002703, 06774403
3436|03006904, 05207001
3437|04159702, 04159802
3438|04030003, 04026903, 05198313, 07114811
3439|07076508, 05228715
3440|04157711, 06624204
3441|06510911, 04047201, 05109701, 06759201, 06543505, 06654801
3442|04009409, 04010009, 04020809, 08069209
3443|04038401, 04041501, 04161301, 05002701, 05123601, 05143501, 06751101, 05168401
3444|05235308, 05188701
3445|07009821, 05051701
3446|05072402, 05076502
3447|05076505, 04035502, 05094003, 09051002
3448|04039901, 04042201, 08018501
3449|08069204, 04010004, 07039302
3450|04009404, 04020804
3451|04086519, 06559217
3452|05230907, 05231007
3453|06577404, 06703404
3454|04021003, 07024303, 07035103
3455|06727303, 06727503
3456|05114302, 06701503
3457|04032801, 04033201
3458|05040103, 05109801
3459|04041102, 04048503, 05069402
3460|03048101, 03048201
3461|04009408, 04020902, 04020808
3462|04030005, 04026906
3463|04044301, 05216401
3464|05072403, 06586503, 09009301, 04002001
3465|03004501, 05061801
3466|09031402, 09163604
3467|05001404, 05098604
3468|04047901, 04051001, 06714204, 06627002
3469|05001401, 05098601
3470|06726002, 04039602, 04041601, 05012702
3471|05144302, 05144402
3472|04036702, 06613901
3473|04051701, 04052001, 04162501, 06568201, 04034202
3474|05133902, 07085411
3475|06649901, 05024701, 06627101
3476|04048101, 04142402
3477|04028801, 05107901, 06751603
3478|05142601, 05100806
3479|05125502, 05229903, 06661803, 06605003
3480|05120601, 07093203
3481|04081818, 04086208
3482|03025704, 06678505
3483|05191301, 05212001
3484|04020402, 09210602
3485|04034001, 04030901
3486|06560505, 05238204
3487|04007201, 04048401, 06690401
3488|04007202, 04048402, 06690402
3489|04005401, 04005501, 04005701, 04005801, 04006601, 04006801, 04007101, 07013001
3490|04005601, 04007203, 04153101, 04048403, 09002601
3491|04020604, 04080803, 06790502, 04166304, 05229902, 06690403, 06661802, 06605002
3492|08030301, 04021001
3493|07024301, 07035101
3494|04034805, 04038807, 05100413
3495|03003902, 03057401, 04028101, 05154001, 06723901, 05018601, 03024001, 04028501, 04032003, 05013303
3497|05062401, 05049901
3498|04037101, 05097901, 09003002
3499|04034701, 04036701, 05097001, 06540217, 05052501, 07033006, 06733509, 06617407, 09250401, 09254101, 06582103
3500|06744808, 06555401
3501|05073801, 06718606
3502|03015807, 06713901
3503|05194401, 05232812
3504|03001101, 04020901
3505|04020202, 05013401
3506|05132301, 05172201, 06640303
3507|08058402, 05196502
3508|03054301, 05030002
3509|04035401, 04036304, 05094901
3510|05016201, 05153301, 05172202, 04044701
3511|04036301, 07054102
3512|05198307, 05221509, 07114807
3513|06550401, 05096903, 04051501, 04051801, 06676601, 06678901
3514|04047601, 04150301
3515|04158701, 05048401, 05122301, 05239201
3516|05198304, 05221506, 07114804
3517|04000203, 04014501, 05140901, 05163901, 05196903, 06614001, 06668401, 09256803, 09005001
3518|05072501, 04039501, 05168101
3519|06560502, 06715202
3520|05036102, 06773502, 07030507
3521|05198305, 05221507, 07114805
3522|04026904, 05198303, 07114803
3523|05144502, 05223507, 05224117, 09301801, 09309701, 04039201, 05073102, 05051501, 05147501, 05208001, 05221505, 07024902, 07058603
3524|04015003, 06757802, 07038802
3525|05198312, 06778701
3526|04028103, 05062403, 05049903
3527|04028104, 05062404, 05103901, 04031101, 05054701, 05071003, 05049904
3528|04035102, 05122602
3529|07024302, 07035102
3530|06636901, 09264001
3531|04050201, 04162001
3532|06565206, 04048801, 05086707
3533|04009402, 04020904, 05000501, 04020302, 04020802, 08053801, 06740608, 07039305
3534|04007302, 04154501
3535|04042902, 05124502, 06774601
3536|04003801, 04004101
3537|04031602, 04032502, 04033702, 07047002
3538|04009405, 05000503, 04010005, 04020805, 08053803, 08069205, 07039303
3539|04049901, 04161501, 05055502, 05116801, 06001601
3540|05192201, 06722301, 05080401, 06636905, 07024101
3541|04039101, 05107102, 06597606
3542|04033301, 04033806, 05025401, 05096204, 09286904
3543|04033302, 04033807, 05025402, 05096205
3544|04033303, 04033808
3545|04034501, 05025404, 05052801, 09049604
3546|03013602, 04000902, 06774402
3547|04020903, 07039304
3548|04037902, 05220601
3549|04009705, 04009806, 04020303, 05014502, 06740609
3550|04080501, 04080701
3551|03003702, 04081702
3552|05109910, 06554304
3553|04000603, 08013101
3554|03038001, 03038101, 05023601, 05191901
3555|04034102, 05179804
3556|03033201, 04034101, 05179803
3557|04032303, 04032401, 05105101
3558|04032304, 04032402, 05105102
3559|05145102, 06041001
3560|05100001, 06041201, 05216702
3561|05191401, 09201001
3562|06711820, 06016409
3563|09017705, 07063610
3564|04080303, 04080402, 09006703
3565|03038601, 05075901, 06638501, 07113004, 09047502
3566|04005902, 04006702, 04007002
3567|05086202, 06737002
3568|09169403, 07060704, 06535404
3569|06759203, 06654803
3570|04164108, 05100901
3571|04040303, 05229509
3572|04046001, 05157801
3573|04154002, 04083406
3574|06519302, 06685709
3575|04037001, 04069402, 04162301, 05045701
3576|05085704, 06648906
3577|05023513, 08025201, 06709908
3578|03052801, 03052901, 04038201, 05123501, 05195501, 06053802, 06627201, 07023712
3579|04150201, 05062201, 06640304, 06625004
3580|05075801, 06597403, 06634102
3581|06768203, 08031502
3582|05001405, 07009803, 05097402
3583|05096601, 09296602, 05099602, 09047501
3584|03019902, 04001203, 04038701, 04037401
3585|05123502, 06053803, 07023713
3586|04048701, 07071702
3587|05166301, 06685801
3588|05035215, 06725015
3589|03034007, 04150401
3590|05070501, 06685419
3591|05000502, 08053802
3592|04010101, 07030002, 04009403, 04020203, 04020803, 05013402, 07039301
3593|04010003, 08069203
3594|05010901, 07066401
3595|04008402, 04008902, 04009102
3596|04036903, 05069706, 06712309, 07045802
3597|04004801, 04085904, 04039603
3598|04085602, 04085802
3599|05224705, 05029605, 04046705, 05097705, 05159905, 07081505
3600|06725407, 09010404
3601|07068103, 06774611
3602|03051103, 03051302
3603|03028106, 04001906
3604|05206003, 06597603
3605|03039805, 03039901, 04085001
3606|05224704, 05029604, 04046704, 05097704, 05159904, 07081504
3607|05072401, 05076501, 09009302
3608|04034502, 05052802
3609|04043901, 05103801, 05053801, 05213801
3610|03010605, 04032101, 05069501
3611|04046401, 05056901, 05119904, 05178001, 04042801, 05018201, 05056401, 05033703, 05053301, 05079301, 05129001, 05150601, 05174501, 09250802
3612|05029901, 04047202, 05109702, 06759202, 06543506, 06654802
3613|03049103, 04045802, 05023002, 05052702
3614|04043001, 04043301
3615|04043701, 04044101, 05054403
3616|04046601, 04046801, 05035003
3617|06715203, 04043501, 05201603, 05202101, 07041902, 07085409
3618|04044901, 04047001
3619|04044001, 06045401, 06762004
3620|04033104, 04032202, 05017305, 06600702
3621|04034601, 07107301, 05093801
3622|04080302, 04166002, 09006702
3623|03025401, 03025501
3624|05095001, 05195801
3625|05144301, 04047501, 04047801
3626|04030701, 05130101
3627|04020401, 09210601
3628|05181807, 05168801
3629|04121301, 05124201, 05172001
3630|05143701, 06048511
3631|04018402, 04148502, 08022401
3632|03053004, 07095503
3633|04086509, 06559208
3634|04016305, 06586602
3635|04120402, 05111702
3636|04084002, 04011507
3637|04039301, 05187601
3638|04020403, 09210603
3639|04009704, 04009805
3640|04036202, 05165906
3641|04010007, 04020807, 08069207
3642|04009407, 05000504, 08053804
3643|04044203, 04044602, 05125102, 06530501, 05054601, 05052001
3644|04020106, 05052003, 06778703
3645|04036101, 07031902
3646|05124204, 05172004
3647|04157710, 05100414, 05182101
3648|03055602, 04036402, 07023504, 07050603
3649|06039001, 05207801
3650|05030401, 05150101, 05157901, 05201501
3651|04154003, 04083407
3652|03036505, 03039804
3653|05001402, 05098602
3654|03016002, 05172901, 07031106, 06640302, 06625002, 08014701, 07076510, 05007004, 05126801, 05166211, 05172306, 06045001, 05216701, 06617205, 06663313, 09260601, 06710214, 06702812, 06570201
3655|04031301, 04029801, 04031001, 04031901, 04033601, 05007501
3656|05103301, 05126301
3657|04045201, 04044501
3658|05196902, 09256802
3659|03025705, 07063203
3660|04051802, 06676602
3661|04000906, 06774606, 06614301
3662|04032802, 04033202
3663|07069803, 05225105, 07069611
3664|04037701, 04160001
3665|06010201, 06024201
3666|05237905, 06726004, 05048801
3667|04044801, 05069707, 05126001, 06039501, 06043005, 07069804, 04046101, 05000101, 05020301, 05033901, 05035214, 05077301, 05078601, 05109908, 05174701, 05200901, 05203401, 06731506, 07069612, 06683806, 09198203
3668|05235008, 08046805, 06709316, 07069902
3669|05198306, 05221508, 07114806
3670|06569802, 05089701
3671|04042001, 05147801, 06581102
3672|03039406, 05092501
3673|04030801, 04034302, 06723902, 04033002, 05004501, 05017306
3674|03036401, 05143001, 05096801
3675|05038203, 05192101, 07022101, 07085410, 06702804
3677|05011501, 05011801
3678|04011601, 04042701, 06636907
3679|04000501, 05124503, 06774603
3680|05002705, 05123602, 05168402
3681|04041101, 04048502, 05069401, 05041406, 05095801
3682|05004601, 05004801, 04010002, 08069202
3683|05138601, 06648701
3684|07036405, 05190203
3685|07011510, 06664319, 05098121
3686|04081846, 06749224
3687|04116801, 05032101, 05035901, 05059801
3688|05031802, 05091001
3689|06655705, 09216103
3690|05002102, 06586001, 06750002, 06654401, 07067501
3691|06773603, 05123101
3692|06002003, 09299005
3693|06509507, 06514403
3694|03012301, 05056801, 06749202, 09232102, 08003901
3695|03000602, 05237505
3696|06544907, 06758006, 07042809
3697|06724122, 09068709
3698|05048202, 05147620
3699|03019008, 06754007, 09198506, 06585810, 07032205
3700|06773913, 07034605, 05097105
3701|06758502, 09278002
3702|07066202, 09068702
3703|04153907, 04082907
3704|06775602, 07089302
3705|03023703, 03035802
3706|05148106, 08067008
3707|05148102, 07039003
3708|06672402, 06650904
3709|05100203, 06724003
3710|05100201, 06724001
3711|04158103, 04158203, 04158303, 04158403
3712|04108105, 05171805
3713|07082402, 06001001, 09010604
3714|04043805, 05202201
3715|04108106, 05171806
3716|07036904, 06701418
3717|05192503, 09010602
3718|04083701, 05049403
3719|05196002, 07014204, 07028102
3720|07036903, 06701419
3721|07108707, 05168212
3722|06570002, 09062702, 07026902, 09279701
3723|03036205, 09084102
3724|06758002, 07042802
3725|05100205, 06724005
3726|09021702, 09041203
3727|04016206, 07042806
3728|03010202, 04084006, 04084108, 06726602
3729|05190502, 06783803
3730|06003301, 09013101
3731|07052503, 09010603
3732|07098204, 07044208
3733|03011707, 06709314
3734|04108107, 05171807
3735|03020606, 06757308, 06775604, 07089304
3736|03038506, 06556702
3737|03013002, 05007202
3738|04082602, 05234706
3739|03027001, 04153906, 04082906, 05075709
3740|09051704, 04082502
3741|04082807, 05073607
3742|04084206, 06001702
3743|07022802, 09278102
3744|05072204, 07027203
3745|04157902, 09078002
3746|05193115, 07033906
3747|04084212, 06628404
3748|05100204, 06724004
3749|06724121, 06757307
3750|05142702, 06001901
3751|04001105, 07026802, 09198508
3752|09111505, 06721083
3753|07082102, 07031602
3754|03056206, 03056303
3755|05145007, 05193112
3756|05100202, 06724002
3757|07028204, 06022911
3758|04083511, 07032704
3759|04144801, 04145201
3760|04146501, 04147001, 05007208
3761|03039407, 05100206, 06724006
3762|05148004, 09264901, 05232905, 07105901
3763|09008305, 07086205
3764|05168602, 07040306
3765|03005003, 06730809
3766|04153905, 04082905
3767|03027302, 05049107
3768|04160301, 08011601
3769|03006801, 09230503
3770|05133106, 05224105, 06612401, 06773401, 06710602, 06605102, 09261205
3771|07100301, 09019901
3772|05229157, 05236501
3773|04151501, 07027810, 09027510
3774|05013901, 05212406, 05214106
3775|05052002, 05082301
3776|07071002, 08020702
3777|09239906, 09240006
3778|03031701, 06653501
3779|05210201, 05210301
3780|03010801, 09251202, 05098401
3781|05237522, 06724605
3782|04107901, 05080404
3783|04067001, 09232106
3784|06006101, 06044901
3785|03047201, 06772701
3786|06555903, 06605106
3787|06679403, 06748701
3788|05212409, 05214108
3789|03001001, 03011201, 06048801
3790|05237009, 06723101
3791|06559102, 06746302
3792|05235405, 07117303
3793|05235404, 07117302, 10001802
3794|04110002, 04113002
3795|05058002, 05208602
3796|04115801, 05074901, 06041901, 06775801
3797|06756601, 09285701, 07046705
3798|04119801, 04121701
3799|07041401, 07079704
3800|04134501, 06734706
3801|07103402, 05050202, 06791426
3802|05237517, 06724602
3803|06721602, 04010307
3804|07046801, 06590105
3805|07103401, 05050201, 06791413
3806|03053503, 06675603, 05066803, 06699306
3807|03053502, 05066802, 06675602, 06699305
3808|03010603, 06042403, 06504601
3809|08030903, 08038706, 08031002
3810|09304701, 06554301
3811|03040301, 04019401, 04019501, 04017803
3812|03042501, 06706701
3813|03042101, 03042201
3814|05236001, 06588901
3815|04014401, 04016403, 04015301, 04018501, 09284101, 10013301
3817|03010301, 09282301, 09279601
3818|05106901, 06510601
3819|06732501, 08060201
3820|03025301, 05209201, 06034501
3821|06647901, 06760001
3822|06564401, 07046301
3823|03029603, 04117901, 06560201, 07092901, 06041101
3824|03010401, 03010501
3825|04043815, 05162504
3826|06565601, 08030014
3827|04081339, 05228804
3828|07050901, 09196401
3829|03054701, 04108601
3830|05237515, 06615607
3831|05003201, 05005301, 06005504, 06008001
3832|06581511, 06597802
3833|05226303, 09089703
3834|05226302, 09089702
3835|06517401, 04004304, 04004504, 06596302, 07087601, 09126702
3836|09311201, 09311301, 05089501, 06601901
3837|03034801, 04141601
3838|06721012, 06548107, 07063405
3839|05002101, 06750001
3840|03007202, 10004002, 05065802, 05046802, 06595912, 06771102
3841|05002901, 05156201, 09289301
3842|04030702, 04031302, 04031501, 05016701, 05136001, 04029802, 04030301, 04031002, 04031902, 04033602, 05007502
3843|04026404, 04030504
3844|03048502, 03048602
3845|04081335, 06657802
3846|09008307, 07086209
3847|04081330, 06542001
3848|06724105, 10002705, 05035502
3849|06690001, 06646002
3850|07061303, 04113102
3851|06585201, 06051501, 06559301, 09145204, 09022502
3852|05238101, 07061402, 06515404
3853|06664316, 05098118
3854|06721045, 06714101
3855|06651604, 06712201
3856|06647902, 06769302
3857|06664307, 06749701, 06557501, 05098109
3858|05132410, 06775710
3859|05229135, 04105002
3860|03060301, 05083101
3861|05229131, 06619001
3862|04148901, 04149001, 04149101, 04094401
3863|04149002, 04149102
3864|03054401, 03054501, 06624501, 06594501
3865|07016201, 06614701
3866|05047202, 06528601, 07034801, 09016601, 06583503
3867|04097901, 07066005
3868|09261202, 06582002
3869|06661002, 06702808
3870|03012102, 06700003
3871|04143303, 05056102
3872|05002401, 07047902
3873|03021402, 07071102
3874|04017402, 07053103
3875|05034006, 06624805
3876|06519301, 06685708
3877|05066101, 05094002
3878|06536902, 06736402
3879|06537508, 06670107
3880|14585101, 13742802
3881|06698201, 06753201, 06721007
3882|04004306, 04004508, 05197701
3883|03012307, 03012406, 06749208
3884|03054201, 04139601
3885|07069101, 07083304, 06649401, 06708110
3886|07094408, 06003501, 07084801
3887|04107001, 09112801
3888|05167302, 05208803
3889|04110901, 04160701, 06002301
3890|06566304, 08050001, 14087201
3891|04092701, 05207901
3892|06030302, 06030402
3893|06030301, 06030401
3894|09300601, 06566001, 07061901
3895|06513302, 06618103
3896|06721054, 06548118, 09261210
3897|04004904, 06757103
3898|06721065, 06622904, 06548119
3899|04097702, 06626802
3900|06721048, 08052604, 09181802
3901|06721049, 06548115
3902|04027801, 06751402
3903|03057602, 04027301, 05013002, 05115702, 05213101
3904|04026801, 05140401
3905|05062402, 05049902
3906|04028802, 07102302
3907|04030401, 06559801, 05089401, 05107902
3908|05013003, 05115703
3909|04019407, 06598006
3910|04029301, 04029401
3911|04029001, 05060802, 06586504
3912|03036504, 04027201, 04028001, 04028301, 04028401, 05031401, 05061901, 05068001, 05108101, 05234101, 06560209, 07107302, 05092001, 06053401, 06780401, 06537910, 08059502
3913|05135701, 05027101
3914|05103302, 05126302, 05079102
3915|05124501, 06774602
3916|04000602, 04159601, 04159701, 04159801, 05021001
3917|04029701, 05166101
3918|05190101, 08057901
3919|04027901, 05128301
3920|05120002, 04026702
3921|04029201, 05143801, 05154201
3922|05234001, 04018803, 06751301, 08054401
3923|03003901, 04030007, 08058401, 04032001, 05095904, 05128201, 06751601, 06614201
3924|05120001, 05158701, 04026701
3925|03015808, 05060101, 05181501, 06751401, 05062701, 06668201
3926|04000201, 04028701
3927|05069601, 05039701, 05081301
3928|04027003, 04026601, 05090201
3929|04027601, 04157714
3930|04030601, 05175901
3931|04029504, 05146305, 06555402
3932|03038002, 03038102, 04000101, 05023602, 05191902, 05013001, 05062301, 05041404, 05115701
3933|04026502, 05025002, 05130102
3934|04028601, 05111601
3935|04027401, 04030004, 05043201, 05174801, 04026905, 04030201, 05026701, 05087901, 08004001
3936|05148401, 05157201
3937|09301401, 09291001, 05138801, 06730813, 07087001, 09229901
3938|04105301, 05121801
3939|04105302, 05121804
3940|05153601, 05049601, 09131901
3941|03021201, 05131301, 05146301
3942|03020401, 03020501
3943|05094004, 07063802
3944|06537902, 09188601
3945|07078002, 06701603
3946|05146602, 05210101
3947|05201201, 05239504
3948|04110001, 04110301, 04113001, 05071601, 05047001, 06743410, 06552301
3949|04092501, 05208501
3950|03023501, 04099601, 09285702
3951|05119009, 06645901
3952|05128901, 07039503
3953|03042505, 06551804
3954|06534001, 09285703
3955|04037602, 06593901, 06621703, 09262601
3956|06699001, 06608801
3957|04154106, 04092202
3958|04154107, 04092203
3959|03042103, 06608803
3960|05002902, 05156202, 09289302
3961|05224604, 06649702
3962|04037601, 05040101
3963|05146503, 05159003
3964|09305201, 06033702, 06758401
3965|04081830, 06038507, 09305101, 06754603
3966|05121203, 05152601
3967|06758802, 09004505
3968|04015401, 05075301
3969|04143401, 06773602, 06760801, 05059301
3970|09296805, 10015205
3971|03033704, 06551004
3972|03018204, 04143904
3973|04098601, 05200501
3974|06572702, 06691205
3975|06572701, 06691204
3976|06545802, 06658911
3977|04040305, 04107903
3978|04040304, 04107902, 06621001
3979|06566101, 09191702
3980|05066601, 05081801, 06016505
3981|08053406, 06589101, 06756411, 06758707, 06782601, 09253901, 09145202
3982|07033602, 06741704, 06547801
3983|04160103, 05191002, 06746705
3984|06035801, 06042701, 06687601, 09017704, 09300801, 05165902, 06755609, 06792202, 08061601, 05098123, 07063609
3985|06038504, 06754604
3986|06721022, 07046002, 09236506
3987|04017802, 06734504, 07049104, 09236504
3988|03022703, 03025202
3989|03026201, 03026301
3990|06642801, 09301501, 09289001
3991|08027914, 07039207
3992|06544919, 06564305