03040701, 04080202
04094901, 05200001, 05200201, 05200301
06615401, 06696403
04026401, 04030501
07033604, 05098301
04119401, 05197901, 05075706, 06791414, 07103403, 06023202
05093204, 06778901
05009801, 06739604
05141601, 05021801
06731205, 06690901, 07035602
05127502, 09277102, 09264802
04140001, 06590103, 09256701
03050601, 04086301, 04086701
03050602, 04086302, 04086702
04117802, 06548701, 06513304
03028101, 06586501, 04001901
03046001, 06753302
03041001, 05036602
04112301, 09008803
03010802, 05098402
03049101, 04045801, 05023001, 05052701, 04043813, 05156701, 05161701, 05162503, 05192701, 05219201
04156801, 04156902
06574402, 05099002
07071603, 08064701
06006102, 06044902
05107601, 06566005
05189401, 06005708, 06600101
03012101, 06515301, 06700002
14076601, 14095002, 13243701, 13348101
09012502, 05230302, 09211303
07070705, 07063414
06540501, 06736401
06646301, 07054906
09294901, 06744201, 06585001, 05148201, 07025901
05169201, 04115502, 05019001, 07054401, 09236509
07060605, 08014004
09048001, 09012501, 05230301, 09211301
07060606, 08014005
04119501, 09250310
09000505, 09078805
06731206, 06690902, 14095003, 13332501
07010806, 06640601
06510401, 06742101, 07043402, 05186701
05233905, 04140805, 05212413, 06585605
04156601, 04138501, 05101301, 05130103, 09271801
05233903, 04140803, 06585603
05233902, 04140802, 05075401, 05051201, 06585602
04141301, 05131906
05217102, 05217202
06650903, 06698202
06524802, 06604302
06674401, 06693901
04081814, 05048204
04155302, 04040401, 07045308, 06624202
04085902, 04039601, 06721034
04134301, 06735902, 06654403, 07087603, 07067502
04090201, 05056002
04108403, 06724102, 10002702
04142201, 07083801, 14373901
03035101, 03056001, 04046201, 05100805, 06727301, 06727501, 06701607, 07085408
04133402, 04136001
05208901, 05209001
05228002, 09243302
04149202, 04149302
04045502, 09213102
07080901, 08009302
04010202, 07059402
04010201, 07059401
07041402, 05170201, 07053201
06549101, 05178801, 07029804
06569202, 06772002
04149003, 04149103
09198601, 06692301
06529201, 04004302, 04004502, 06596301
06667502, 06744502
08057603, 04004303, 04004503, 06020203
05049401, 06592001
04017403, 06560204, 06672001, 06721068, 06722402
03027801, 05138701, 07037205, 06594301, 06661101, 06773201
06725401, 06686107, 06695204, 04012001, 06775706, 05098108, 06515401, 06664306
05053501, 05077701, 05104101
04020103, 05223503
03018401, 05029801
05076901, 07025104, 07034401
03059701, 05076902, 07034402
04087201, 04087501
04020104, 05223504
04020602, 04166302
04090703, 06684905, 05238603
04046501, 05095901
05017002, 05173101
04087701, 04090801, 05101601, 05238601, 07027907
04020601, 04166301
05077001, 05173701
03029801, 06562401
05212802, 08027306
04089002, 04089602
03014801, 05053002, 06684904, 05053601
05029001, 05173401
03059201, 05076904
04044201, 05125101
04090901, 05078001, 05079901
04088001, 04088201, 04089001, 04089601, 05017101, 05029201, 05029401, 07103201, 04086901, 04109201, 05175201, 05219701, 05238701, 09121503, 09280201
04088202, 04088701, 05175202, 05219702, 05224801
04089201, 04090601
07103202, 05238702, 09280202
05125602, 05053401
05030501, 05053102
04009702, 04009804
04160104, 06746706
09134801, 10002401
05110107, 09103302
06590302, 09008004
04119701, 08058101, 06686201
05056501, 09007202, 09005901

06048101, 09011402
08053402, 06756405
03003501, 05224601, 06649701, 06775701
04109101, 05057501
05093206, 06758201
09162601, 07064501, 06564601
04081316, 04085306
05212404, 05214113
05103201, 07000504
05050802, 09294902
05224605, 06559210
06549102, 05204901
05093601, 06707101
03021501, 03021601
03021502, 03021602
06773707, 06743409
05176101, 09285201
05002903, 06635003
04113801, 05212401, 05214101, 05239501
04113501, 05121903, 05215501
03043402, 04113601
04010209, 05170205, 07059407
04135301, 07018904
03019006, 05031102, 05220401
03024806, 03055001, 06787905, 08020501, 09278206, 06719205
03055701, 06591901
04016001, 04016401, 04015307, 10013302
06564704, 06683904
05121905, 06008210
04111901, 08059501
03024502, 06701602
07104704, 09166301
03021401, 07071101
03033901, 07124801, 09011101
05237103, 07037602
06756002, 07064805
05229101, 07043401
06510604, 09012903
04119903, 06607005
06729701, 06612705
04113802, 04113502, 05121904, 05212402, 05214102, 05215502, 05239502
07064204, 06002002, 06002201
06724108, 10002707
05184501, 07052001, 07033603
06508205, 06559211
04119901, 06607002
05104501, 09182602, 06714201, 09129902
09046101, 05129902
09304301, 06645104
06648503, 07062101
06509602, 07045402, 09186701, 09128302
09217402, 09136301, 09103201, 09146302, 09206304
06514002, 09254401
03030801, 09054101
05235201, 10003201
03046201, 05035301
08026303, 07044703
06566313, 09106507, 09168506
05014101, 07018001

06715609, 05034003, 06624803
06664301, 05098101
09308801, 10006101
05208401, 06755101, 06700301
05093602, 06707102
06035803, 06608405
06632301, 07054001
03007305, 04004505
04017511, 05000702
05123001, 06646801
07053603, 06658907
06628705, 06575312, 06629906
06513103, 09302402
04017409, 06722404
06757302, 07071003, 08020703
05070201, 06588602
09308805, 06664304, 05098106, 10006105
04091901, 06619501
06550309, 05007901
04108405, 06724111, 10002710
04100601, 05132409, 06775709
05066801, 06699302
06016701, 07044401, 09171502
05098901, 05138603
09193901, 07051808
05231302, 07095701
05123004, 06563905
06686104, 06702811
06544405, 06579701
03010107, 05079401
05224106, 06545801, 06658910
05098001, 09007801, 07046501, 09280601
06729302, 06655704
07061610, 06020803
05236004, 06535106, 06642501, 06696404
05176601, 06532307, 09140801
03033902, 05229139
05130003, 06581510, 06724110, 10002709
06721508, 04121404, 06729703
04098602, 07067103
09298302, 09298402, 05118902
04135501, 05208702, 06593510, 06566002, 09048102
06587301, 09298401, 05118901, 06544701, 06552701
04148701, 04094301, 06564301
04012302, 05095301, 09286901
04014701, 04015601, 04015701
05230905, 05231005
06577402, 06703402
04081314, 06692111
04086801, 05007701, 06664501, 06652101
03018208, 06630508
03033703, 06551003
03018203, 04143903, 06005703, 06630503, 05097403
04081315, 06692112
03056403, 04084803
04004202, 04084906, 04086001
04081301, 06692101
04081802, 06701302
04081302, 06692102
04004203, 04084907
04004603, 04086401, 04086802, 05007702, 06770301, 06664502, 06652102, 07027002
04004605, 04086403, 04086804, 05007704, 06770303, 06664504, 06652104
04081804, 04086209, 06701304
04084202, 06628402
06766401, 08045801
06577401, 06747101
06703401, 06573501
04081816, 04086206, 06701313
04081815, 05091803, 06701312
03018217, 04143916, 06630514
04081806, 06701306
03018215, 04143915, 06630512
04081309, 06692108
04081811, 06701310
03018216, 06630513
04081310, 06692109
04081808, 04086204, 06701308
04081807, 06701307
04081306, 06692106
04081307, 06692107
04081809, 06701309
04020603, 04166303
03033701, 06551001
06628602, 06609303
03018201, 04143901, 06630501
03039408, 06584406, 05012501, 07028403, 09004503, 06609302
03043012, 07028402
06766402, 06571101, 08045802
06675802, 06652901
06766403, 06571102, 08045803
04004601, 06666001, 07024201
03018202, 03018301, 04143902, 06630502
03006701, 03033702, 06551002
03055502, 06688602, 04075502, 06515602
06628601, 06584405, 06697902, 06609301
06701301, 04081801, 04086201
06518501, 05229901, 06661801, 06605001
04081805, 06701305
04081304, 06692104
04081803, 04086202, 06701303
03055501, 04153501, 05134001, 05223502, 06688601, 04075501, 06515601
04020102, 09284001, 06004401, 06653201, 07013301
04081313, 06692110
03033705, 06551005
03018205, 04143905, 06630505
04081303, 06692103
04122701, 06766101
03056004, 06515407
04116803, 05059802
06615409, 06786702
06697104, 09147904
06747001, 09007604
06697301, 06542102, 06698003, 06620801, 10012202, 09158704
03014502, 09298902
10008404, 09289104
04155301, 05237008
05224001, 06725411, 06639604, 06664317, 05098119, 06586102, 09062601, 09014604
05139502, 10016304
09309601, 09124602
04128804, 09289203
10008407, 09289106
10008402, 09289102
10016203, 10016403
07092402, 06711205
06621604, 05235010
07048403, 06012504
07050302, 05035204
06547304, 05041701, 06019306, 09101902
07080902, 05089203, 05165908
07091502, 09102302, 09062301
06734902, 09073502
05223002, 07081902, 09288902, 08023002
05159303, 07021103
05225901, 07068702, 09300202, 06776102, 09106801
08056404, 06648203, 09144704, 06706901
03042503, 07079206, 07086502
05232404, 07073404
06566503, 06571601
04128806, 09289205
05066301, 06575301
07067001, 09085801
06697102, 09147902
04098801, 07040401
05225908, 07049904, 04100401, 05228703
06632701, 06604501
05228802, 07058602, 09023503
03026401, 05237803
04151802, 04142802, 06681601
08038201, 08038202
07045101, 06583801, 14371701, 14583901
06592702, 07059302
06791408, 07064803
03040401, 06710801, 06661001, 09122803
06730102, 07033102, 06020802, 07068404, 09035001
06632702, 06604502
09285801, 09259801
06513901, 06694801
06513902, 06537505, 06694802
06791407, 07064802
06571901, 07047503
09287901, 09297902, 07074902
06606601, 10016201
07047702, 09262502
04106905, 05049112
04135402, 06679801, 07095301, 06757404, 06618302, 06706101
04085605, 05031801, 07055806, 09046802
07075501, 05138803, 09229902
06598614, 06740602
04145601, 05138508
05132401, 06560203, 06618402
05132402, 06560207
04017408, 06663401, 06660504, 06722403
05212403, 05214103
07061405, 06515406
05227005, 06673803, 09297702, 05105802, 05230103
06767201, 06543806, 07036502
04164003, 07034311
06664318, 05098120
03012302, 03012402
07097304, 09188103
04125203, 06725011
06648403, 06617003
06512303, 06643808
05227001, 09078701, 07029801, 09098703, 09078602
09055902, 09279402
06592701, 07119901, 07097302, 07059301, 09188102
07035201, 06606901
07050701, 09268801
03012201, 07051410, 07047201
05034012, 06675701
06664302, 05098103, 09261204
09308803, 10006103
06775707, 06610601
05066501, 06754304
03042001, 06526701, 07128002
05034011, 06624808
06622101, 06622305, 09190301
03042002, 06526702
04018703, 07044803, 09022501
04150701, 07033802
05192301, 05091601
04136901, 04140701, 05132201, 07055007
06679802, 07095302, 06618301
04099101, 07000203
05066302, 06575302
06628706, 06629907
06733201, 06575315
06733203, 06575317
05018301, 06040701
03010106, 06618101
04006202, 04006402, 04006502
05090506, 06037501
06518202, 07054003
05100303, 05133101, 06666801, 06624203, 05148207
07048404, 05228720, 14070601, 14586501
09308807, 10006107
06697103, 09147903
06574405, 06568401
05033501, 04102601
05121201, 09113403
05001501, 07057306
05142901, 05050101
04141201, 05060801
05229148, 06685710
04018201, 09200305, 07069702, 10012001
04143001, 05058902
05042803, 06670103
05185401, 06000201
03028201, 06727302, 06727502
04029501, 06744801, 09002901, 06770902
05070301, 09304601, 06573401
04048501, 04134901, 04162401, 05041401, 06657901
06724112, 10002711
06050201, 06050301
05017902, 06045602
06724113, 06765301
05031502, 05152801
03031101, 08027918
06724114, 06747401
05050401, 05193901
05074801, 09249101, 07041404
04143403, 05233904, 04140804, 05075402, 05051202, 06585604
03058103, 04049602, 06650206
06549303, 09307302, 05070805, 06758705, 06791420, 06686003
05143102, 05071903
03052102, 04142601
04140801, 05233901, 07096602
05074902, 06041902
04148902, 04094402
04142101, 05083201
05041501, 07100303, 05072901, 09019903
04109502, 05072202
07071202, 09240701
05224003, 06721006, 06548105
03009501, 03056601, 07023408
05146901, 06606702, 06768303, 06603401
04081839, 09308808, 06664311, 05098113, 10006108
03007601, 05083901
06511706, 07053912
03012701, 06685712
09037904, 07058003
04017401, 06722401
06619606, 08065005
04144701, 06518301, 07071902, 06020201
03033905, 05229140
04109802, 07054602
05230109, 06634701
06550301, 07067801
09008311, 07086213
09008313, 07086215
06018002, 09290002
06721017, 06548111, 07063407
06721018, 06548112
05139403, 03036904
05229179, 06674601, 06701406
06648908, 06687101
05130801, 06717017
03024101, 05050501
05176801, 06644604
09306510, 06615608
04000701, 06549202
05224602, 06705201
04037301, 06586401
05164601, 05174001
08053407, 06756412
05169204, 06625613
09060803, 04038002
03060005, 04143101, 05030901, 05154101
04153502, 05134002, 07026604, 09250101
04119803, 04121703
04113805, 05121909, 05212407
05133402, 05135002, 04122202
04122602, 05025101, 05182301, 06532601, 04120501, 06665801
06787906, 06719206
03015101, 03015201, 04011501, 05020501, 05096101, 05198401, 09173601
06581501, 07074501
04123301, 06596601
04122801, 06618105, 05172301
03028811, 03046601, 04014202, 04015104, 04017510, 06679201, 06584901, 04013904, 09229904
05059505, 05237006
03035801, 03036101, 06582801
05133401, 05135001, 04119802, 04121702, 04122201
04120301, 07011508
06758704, 06791419
06549301, 09307301, 05070803, 06758703, 06791418, 06686001
04011403, 06612604, 06749802
03007201, 10004001, 05065801, 05046801, 06771101
06725402, 04013901, 07011507, 06664308, 05098110
06721051, 07063410
05170801, 06556901
04120401, 05111701
04120201, 05085601
05145702, 04011502, 05198402
05229403, 06544911
09287402, 04030002, 07023502, 08053902, 06608102, 05221502, 04026902, 04041603
04030001, 08053901, 06608101
09287401, 07023501, 04026901, 04041602, 05221501, 04012003, 06664310, 07023409, 05098112
05059502, 05237003
05059501, 05237001
05059504, 05237005
06761401, 06654202
09296801, 10015201
06005705, 07004004, 07010004
06508203, 06783809
06791411, 07064804
04013206, 06651902
04085604, 05069702, 06574401, 07055805, 09046801, 05099001, 06642502
05131803, 09188606
03051001, 06000702, 06000802
03039316, 08039001
09261201, 06700306, 06582001
06679903, 06787303
07065501, 09150702
06051502, 09145201
06671402, 04093101
06734506, 06625608
06788504, 06785404
06729602, 06711003
06707201, 07075601, 07088101
03000901, 03001002, 04114309
03024501, 06701601
07101101, 07046902, 09022702
05230806, 07101001, 07114702
04081343, 07101601, 09282201, 09279501
06673801, 05230102
05230101, 06598613
06724104, 10002704, 05035501, 09261301
06544901, 06569201, 06772001
05237601, 06571401, 07047401, 09108002, 09143401
04109801, 07054601
04146404, 07027101, 05040102
03035501, 03035601
05032907, 06784507
06586301, 06544916
05106801, 08030001
07058401, 09188603
04101303, 06581508
06714102, 06721046
04156101, 06599301
05166402, 06544402
09108301, 05217001
06708103, 09241501
05055501, 07057305
07040407, 05213904
05226501, 06673001, 06743301
07070704, 07063413
04053501, 04055801
04054801, 05102401
04052401, 04053001
04056701, 04057201, 05078301
04055301, 04057101, 05149901
04054001, 04054201
04055001, 05194303
04053401, 04053701, 04055601, 04056901
04056301, 04056801
04054802, 05102402, 05219101
04057002, 04052302
04056401, 04053301, 05174301
05125001, 04052601, 05054201
05074201, 04055901
05173601, 04054301
04055701, 05054001
04052301, 04057001
04032002, 05013302
03032701, 03032801
04113803, 04120101, 05133802, 07041405, 04010206, 05170204, 05171202, 07059405
03005603, 06627003
07031103, 08013003
04143601, 05170501, 08029003
05145005, 05184401, 05168204
03035901, 07040307
04134701, 07095209
05184403, 05064201, 05122001, 05168203
04122901, 04123101
09013002, 06532305, 06707301
04095801, 07046303
10002901, 05230801, 07122302
04033805, 09286902, 07054403

06650510, 06767101
06559201, 09264101
06576702, 04011202
05075101, 09131401
04014206, 04017101, 06747701
04160202, 06008003
05170701, 06650501
03028105, 04001905
05224703, 05029603, 04046703, 05097703, 05159903, 07081503
06673804, 05230112
07069811, 07069601, 08046802
04126501, 06684408
09008310, 07086212, 07053604
04110201, 09099401
04010203, 05042402, 05170202, 07059403
07041403, 04010204, 05170203, 07059404
06558903, 09284901
03001301, 10007901
04007301, 06002801, 05205701, 08052301
06018003, 07045307, 09290003
06721040, 06520301
04142001, 05036601
05103101, 07098101
09000504, 09078804
03019003, 06757202
05170502, 08029001
05131101, 07057104
09021801, 09028201, 09120901, 13167201
06043801, 05110106, 06772201
05219501, 07038502
05047208, 05161101
06750601, 06700308
07097308, 09188105
07045104, 06606802
03032201, 06048507
05129702, 05189601
04141801, 06708111, 09241505
04108301, 04159501
08056405, 05094005
06566512, 07043905
06536906, 09023505
06643002, 06537909, 08022802
05232701, 06031901
05230303, 06647106, 08022801
05132203, 05132304, 07104401, 07043203, 08061201
05146501, 14563701, 14563801, 13467301, 14564001, 14564201
05081501, 05127601
09309602, 07087801, 09124601
04149401, 04094501
06648903, 06597102
05154601, 06504101
06591302, 06758706, 06791421
04004618, 04086002
06565002, 05122801, 06735601, 10007001
06513101, 04113201, 05010502, 06020202
04112801, 04114601, 07036701
06042703, 06608409
06671201, 09288801
07034701, 07034306
03018207, 04143907
03050401, 04085701
06760402, 06691202
03050404, 04085704, 04086404
03050402, 04085702, 04086402, 04086803, 05007703, 06664503
03050403, 04085703
06537502, 05042601, 06744804
04018202, 09239903, 09240003
04137902, 07057304
04134401, 06048509
06717008, 06763301, 06576309
04135302, 05144101, 07018901, 07084201
07092301, 05032901, 04091303, 06784501
06648301, 09080501
05032905, 06784505
05004102, 07063303
06754409, 09008203
05154603, 06504103
05224108, 06030701, 06725004
04116901, 04118501, 05050601, 05123003
05144401, 06725410, 09107902, 09260003
06566316, 06051001
06515102, 06567002, 06677802, 08021603, 09000503, 09078803
09017701, 05223305, 08024701, 07063601
05230602, 06756902
06511704, 06702104
07035801, 07059311
07012401, 09215402, 07038503
06734502, 09236503
06721053, 09261209
06046001, 06566004, 08000302
04013701, 06753608
05223909, 06723401
05154604, 06504104
05235301, 06572301
04108303, 06715611, 05073302
07042401, 05063701, 05073001, 07022601, 06621602
06648108, 05073301, 06710905, 07033108
05190301, 05074601, 05123201
07065504, 06713301
07018902, 05142002
05143201, 05230816, 06568701, 05021602, 07071004, 08020704
05009701, 08067601
06577701, 09283601
07126901, 09130201
09124701, 06034001
04077001, 06720101
08011002, 06613402
04078201, 04163201
07099002, 07099102, 07030702, 07030102, 07026202
09291501, 05068401, 06591907
06736701, 06652304
05189001, 06025901
06691501, 06708401
06679601, 06738301
06046701, 07018601
05092101, 07018603
08011203, 04164502, 04164602, 06741804

06558203, 05188501
07029402, 07041806
06697302, 06751001
04073101, 06715701
08011201, 06708801
06635501, 06791601
06040401, 06032601
06049901, 06747201
06608901, 07011001
06679301, 06690601
04164101, 06582501, 06524301
09060302, 07054802, 09120302
06521307, 06557305
09308101, 06653601
04164107, 06524305
06728501, 06786601, 07128401, 08019901
04086708, 06741504
06576602, 09080503
05187801, 05209801
06551602, 06721302
06575602, 06718902
06740502, 06714002
07032304, 05213202
05028002, 06779002
05116602, 06680503
07029202, 05220802, 05221002, 05239802, 05184802, 07027502
06521102, 07029204
05185801, 06654301
07064702, 05166002
06635503, 06791603
04164501, 04164601, 06741803
05145610, 06613704
06046906, 05236606, 09129005
06046907, 05236607, 09129006
05231609, 05165301
06046903, 05236603, 09129003
06046908, 05236608
06764804, 06689004
04157301, 09025402, 09033401
03007401, 06604401
04076701, 05015301
05140001, 07064401
06008902, 08041502
07032301, 06623801
06768402, 07106802
04164102, 06524302
06517705, 07041807
04075801, 04164701
07099401, 07111901
06050801, 06050901
06620701, 06737703
04147602, 04079102
05067702, 06631801
05114001, 07050101
06638102, 07036509
04076401, 07029301, 09018902, 04071102
06702602, 06702604
04013202, 04014403, 07034202, 07064403, 04015303, 09287001, 08002503, 07096107
05118602, 09221801
05223907, 06723201, 05229177
06721016, 06548110
05220304, 04114005
04099501, 05003802
09311601, 08052601
06537501, 06744802
05010703, 06743411
04135701, 04140301
06542101, 04092302, 05198601, 06698001, 07048201
04148301, 04148401, 04088301, 04088501
05017901, 06045601
06510605, 07037102, 09012904
07073902, 07053002
07059101, 08036401
05131805, 09188604
06648101, 06673601, 08044802, 06607801
03007001, 06617901, 06649210
07097901, 10008601
04098901, 09285704
05223908, 06723301
06787902, 06719202
06787904, 06719204
03024807, 06787901, 05113403, 06719201, 09278207
06787903, 06719203
04081331, 06634901
03039001, 06720501
04117101, 05162601, 07115403, 05072201, 07105701
06768302, 06670303, 06579805
05064802, 06045501
04026403, 04030503
03060502, 04123002
04114402, 05074101
06678801, 05074401, 06532304
05033502, 04102602
05003002, 07015002, 07000902
05223905, 06619603
05050901, 06640603
06706706, 06611202
03011301, 05132411, 06560208, 05165907
03025303, 06034503
06721044, 06548114
04135001, 06626202
05024101, 05218701
14215101, 13303701, 14095001
05070403, 06766201
03060501, 04123001
04147901, 04108404, 06749219
05002910, 06702007, 09152305
04120901, 05021101, 06719301
03001303, 03001401, 06782602
06715608, 05034001, 06624801, 06666301
04029502, 06744803
05067205, 05179403, 06038514, 06028001, 06649204
06028002, 06749237, 06664602, 06649205
05067204, 06649206
04148501, 06568001, 06567801
04107101, 05049113
05169901, 07033302, 14584501
05182204, 06506701, 06699403
06773701, 06743404
05230804, 05093207
05230110, 06634703
05186901, 06651801, 06651503, 09112401, 09196201
06598101, 07084802
09290004, 06018005
04092303, 05198602
05163402, 10003303
09306802, 06780002
06537503, 06744805, 09197902
05227003, 05232603
05139003, 07009817, 06576801, 09284802
05056803, 09232104
05114401, 06670106
06749201, 09232101
06548102, 06721002, 07063402
05160901, 05198901

04146403, 05179402, 05154401, 05169801, 06690701
05010704, 06773706, 06743408
06748201, 06650504
05235102, 09103602
06724103, 10002703
07080001, 07025501, 06605101, 06702106, 06700303, 05098102, 06571301
09308802, 10006102
04107501, 05049602, 09131902
06509601, 05229161, 07045401, 08042801
05153802, 05186902, 06651802, 06651504, 09112402, 09196202
05132407, 05237107, 09122301, 07037601, 09122103, 09120201
05166403, 06622303
05226901, 08014501
07037201, 06749214, 06518201, 09197901
04107601, 04109601, 05202601, 07066701
05096901, 05193801
06791402, 06011902
07059103, 06728101, 08036403
05169101, 05035001
06791401, 06701404, 06011901
04100701, 05204801
05232604, 09078603
09297701, 05105801
07059102, 08036402
08026301, 05105401
05129402, 05066201, 06005706, 06757303, 06661701, 08052003
06757301, 08052001, 08067001
09264801, 09277101
09000202, 09255601
09287701, 05090601, 07108701
05059601, 06649202
03015401, 03049301, 07023705
04033102, 06672606
06717004, 06651102, 06570402
06541101, 07059506
06635004, 06651507
06510001, 09310101, 06564503, 09064503
07045301, 09290001
05049104, 05169102, 06738902
05228815, 05152701
09066802, 05079805, 07067704
05095715, 05208701
06715601, 05121101
07037202, 06760401, 06691201
06617501, 06702102
05034016, 07045201
08065301, 07045706
05058501, 05034501
05230820, 06756005
06527302, 07079701, 07031801
06508101, 05238901
05132405, 07039502
10003001, 05200701
04102402, 05202503, 05204603
06524801, 06604301
06590601, 07073905
05237521, 06724604
04113301, 05074001, 10015901
09311401, 06651505
05186903, 06651803, 06749220, 09196203
04142301, 04166101
07052702, 09308301, 06728901
04129701, 04166201
07061503, 07071204
07059104, 08036404
07069813, 07069614
05226902, 08014502
05070409, 05152902
04073201, 06588501
04068601, 05108001
06035101, 07012601, 08010201, 07123401, 08007801, 08047001, 08055501
06032701, 05006601, 06027401, 06777301, 07110001, 07116101
06039601, 06031301, 07109301, 06033401, 09257201
06784901, 06051901, 07110401
06550601, 09253101, 09253601
06680101, 04034204
05061301, 06710501
06568901, 06535001
07019201, 08018201
04077002, 06680102, 06720103
06691503, 06708403
06544101, 07020101, 09262001
04074701, 05210801
03030701, 03056701
06000402, 06000502
08025403, 08011503
05024401, 06732201
05061001, 06509101, 07002501, 08001601, 04070101, 04074501, 05022501, 05022601, 05022801, 05024001, 05035701, 05109601, 05213701, 06730501, 06049601, 06050101, 06534601, 06642601, 06729801, 06788201, 06682501
06507201, 06539001
04069201, 04071701, 04072601, 04073901, 10017401, 09002401
07104001, 05180201, 05197801, 05198001, 05198101, 06034701, 06034801, 06036801, 06037001, 06038401, 06038601, 06038701, 06039301, 06039401, 06040001, 06040601, 06042501, 06042601, 06042801, 06043101, 06043201, 06044201, 06044401, 06045901, 06047001, 06504501, 06027701, 06030901, 06034401, 06722501, 06722801, 06723701, 06723801, 06725501, 06725701, 06726201, 06726301, 06728301, 06781701, 06784801, 06785601, 06786101, 06787801, 06789301, 06789401, 06789701, 06790401, 06790801, 06791101, 06791801, 07000101, 07001601, 07002601, 07003901, 07006101, 07008301, 07009201, 07009901, 07010501, 07010601, 07010901, 07011101, 07008401, 08034601, 07100101, 07022201, 07013401, 07013901, 08057401, 08057301, 08057501, 07011301, 07101401, 07016001, 07016101, 07016901, 07015101, 07101801, 07103301, 07102401, 07098701, 07011801, 07012001, 07017201, 07019101, 07016801, 07098501, 07100201, 07115801, 07103701, 07103101, 07107101, 07107401, 07103001, 07122901, 07123001, 07010401, 07123201, 07126101, 07125701, 07125601, 07113401, 07113501, 08005401, 07118701, 07119501, 08004101, 09281601, 09281801, 09277601, 09277701, 07113301, 08007101, 08006801, 08018401, 08019201, 08023801, 08004201, 08004601, 08004501, 08026601, 08056301, 08056801, 08011901, 08062001, 08062101, 08058001, 08059001, 08059101, 08059201, 08059301, 08012901, 08058701, 08065401, 08066001, 09000101, 08065601, 08015101, 09255201, 09255301, 09255401, 09254501, 09033101, 09005101, 09251701, 09271301, 09277301, 10011301, 07100001, 07100401, 07100801, 07101201, 07101901, 07111301, 07111401, 10002501, 10005201, 08029101, 08029501, 08030201, 08030101, 08023101, 08023301, 08023201, 09001301, 04111101, 04166501, 05005101, 05005201, 05005401, 05005501, 05005601, 05005801, 05005901, 05006001, 05006101, 05006201, 05006301, 05006401, 05006501, 05011001, 05013701, 05015701, 07115301, 07115701, 05037601, 05084101, 05155901, 05197101, 05198801, 05201701, 05204301, 05205301, 05205401, 05207401, 05212601, 06037801, 06037901, 06041601, 06041701, 06044801, 05214401, 05214601, 05215001, 05216201, 05217601, 05217901, 05219801, 05220501, 05221301, 05221601, 05221901, 05222101, 05222401, 07110201, 06000901, 06001301, 06001401, 06002601, 06002701, 06003601, 06004001, 06004301, 06004901, 06005101, 06005301, 06005401, 06005601, 06005801, 06005901, 06006901, 06007101, 06007601, 06007801, 06008401, 06008501, 06008601, 06008701, 06008801, 06009301, 06009401, 06009801, 06010001, 06010101, 06010301, 06010901, 06011001, 06011101, 06011401, 06011801, 06012101, 06012401, 06013001, 06013101, 06013201, 06013301, 06013601, 06013901, 06014301, 06014501, 06014601, 06014701, 06014801, 06015001, 06015201, 06015401, 06015501, 06015601, 06015701, 06015801, 06016601, 06017401, 06017501, 06017601, 06018101, 06018401, 06018501, 06018701, 06018801, 06018901, 06019101, 06019401, 06019701, 06019901, 06020001, 06020101, 06020401, 06020701, 06020901, 06021001, 06021201, 06021301, 06021401, 06021601, 06021801, 06021901, 06022101, 06022401, 06022501, 06022601, 06022701, 06022801, 06023001, 06023301, 06023401, 06023501, 06023601, 06023701, 06023801, 06023901, 06024101, 06024301, 06024401, 06024501, 06024601, 06024801, 06024901, 06025001, 06025401, 06025601, 06025701, 06025801, 06026001, 06026501, 06026801, 06026901, 06032001, 06032101, 06032801, 06033601, 06035001, 06035201, 06035301, 06035401, 06035601, 06035901, 06036101, 06046201, 06046601, 06046801, 06048401, 06048601, 06048901, 06050401, 06052101, 06052401, 06053201, 06053301, 06053501, 06053601, 06053701, 06053901, 06504401, 06504801, 06505201, 06505301, 08001401, 07110101, 08046301, 06724401, 06724501, 06724701, 06724901, 06726501, 06727001, 06727401, 06727601, 06727901, 06728201, 06775101, 06775401, 06776001, 06776201, 06776501, 06776701, 06776801, 06776901, 06777001, 06777101, 06777501, 06778001, 06778201, 06778301, 06778601, 06778801, 06779101, 06779201, 06779301, 06779401, 06779501, 06779601, 06780601, 06780801, 06780901, 06781001, 06781201, 06781301, 06781501, 06781901, 06782001, 06782501, 06783501, 06783701, 07016401, 06784001, 06784201, 06784401, 06785101, 06785201, 06785801, 06786001, 06786901, 06787001, 06787201, 06787501, 06788101, 06788301, 06789801, 06789901, 06790101, 06790201, 06791201, 06791301, 06791501, 06792001, 06792401, 06792501, 07000401, 07000601, 07001001, 07001101, 07001201, 07001301, 07001401, 07001901, 07002001, 07002101, 07002201, 07003601, 07003701, 07004101, 07004201, 07004901, 07005201, 07005301, 07005501, 07005701, 07005801, 07006001, 07006301, 07006401, 07006501, 07006901, 07007001, 07007101, 07007401, 07008701, 07008801, 07009601, 07011601, 08028201, 08028101, 08025001, 08035101, 08028301, 08035201, 08023901, 08024101, 08024301, 08024401, 08025101, 08025301, 08025501, 08026101, 08026701, 08025901, 08025801, 08026801, 08026901, 08027401, 07099501, 07099601, 07099701, 08034701, 08056001, 08056101, 08057701, 08059401, 08045201, 08045101, 07012501, 07013501, 07021001, 07021401, 07021501, 07021901, 07012801, 07012901, 07014301, 08053601, 07015401, 07014001, 07017801, 07018101, 07015501, 07013201, 07016601, 07015701, 07018801, 07019401, 07019601, 07019701, 07020601, 07105601, 07106101, 07010101, 07110301, 07110901, 07112801, 07112901, 07113101, 07114501, 07113701, 07116801, 07116901, 07117101, 07117201, 07118501, 07118601, 07117601, 07117701, 07117901, 07119801, 07121901, 07121101, 09252901, 09253001, 09253201, 09012101, 09253401, 09253501, 09253801, 10017501, 10017701, 10017901, 07123901, 07124101, 07124701, 09257601, 07128501, 07128701, 07128801, 09260801, 09260901, 09261101, 08003401, 08003501, 09266301, 09266401, 07105101, 07105301, 07106601, 07107701, 07107801, 07108001, 07108901, 07109201, 07109401, 07109801, 07109901, 07110701, 07110501, 07111701, 07112101, 07112501, 07115001, 07115101, 07116001, 07116201, 07116701, 07127301, 08005301, 08005501, 08005201, 08004901, 07118801, 07119101, 07119301, 08009801, 08007601, 08009701, 08010601, 08009101, 08009501, 08010001, 08007701, 08008001, 08011401, 08020301, 08021201, 09266701, 07093701, 07118101, 07118401, 07121601, 07121501, 07121801, 07111201, 07123301, 07123501, 07123701, 07123801, 08008801, 07125201, 07125501, 07117001, 07122601, 07122801, 07122401, 09268101, 09268201, 09268301, 09268401, 09268701, 08012501, 08012701, 08003801, 08003701, 08012801, 08013201, 08013901, 09272101, 09273101, 09273301, 09275101, 09275201, 09275401, 09275501, 08017401, 08017301, 08017201, 08018801, 08019001, 08019501, 08019701, 09281301, 09277901, 09282601, 09283301, 09284201, 09285301, 09285501, 10019001, 07114301, 08000401, 07128901, 08001201, 08001001, 07126501, 07126801, 07127601, 07127701, 08002701, 08003001, 08002901, 08003201, 07128201, 07127401, 08005601, 08005801, 08006101, 08006401, 08006701, 08006301, 08008401, 08007501, 08019401, 08009201, 08010701, 08011101, 08020601, 08021701, 08021801, 08027601, 08027701, 08028501, 08028601, 08027101, 08029601, 08029301, 08029701, 08029901, 08035501, 08035801, 08035901, 08036001, 08036101, 08036301, 08036501, 08036601, 08012201, 08007901, 08010401, 08012301, 08010501, 08022901, 08022601, 08022701, 08028701, 08028801, 08028901, 08029801, 08040201, 08042901, 08043101, 08043201, 08043301, 08043401, 08043501, 08043601, 08043701, 08044101, 08044201, 08044401, 08044501, 08002001, 08002401, 08001801, 08013701, 08013401, 08044601, 08044701, 08044901, 08045001, 08045501, 08045301, 08045401, 08046201, 08046401, 08046701, 08046901, 08048101, 08048001, 08047901, 08048401, 08048801, 08048701, 08048901, 08049201, 08049601, 08049701, 07097201, 08050101, 08050201, 08050501, 08051101, 08051301, 08051601, 08051801, 08052101, 08052501, 08052701, 09263301, 08052801, 08053101, 08053201, 08054301, 08054901, 08055001, 08055701, 08015201, 08015801, 08015701, 08054601, 08054501, 08054201, 08054701, 08054801, 08055301, 08055601, 08060101, 08060401, 08060601, 08061001, 08061301, 08061501, 08061701, 08061801, 08061901, 08057201, 08062201, 08062401, 08063901, 08064001, 08064301, 08058801, 08064501, 08064601, 08064801, 08064901, 08065201, 08059801, 08060001, 08059701, 08015401, 08016101, 08016301, 08016601, 08016901, 08017101, 08066701, 08066801, 08067101, 08067301, 08067801, 08068001, 08063801, 08062701, 09000601, 09000701, 09000901, 09001001, 09001201, 09001601, 09001701, 09001801, 09001901, 09002201, 09002301, 08023501, 08066101, 08066301, 08068401, 08065701, 08069401, 09003601, 08035301, 09004001, 09004401, 09005201, 09004701, 09005301, 08050801, 09249801, 08023601, 08023701, 09250201, 09250501, 09250701, 09250901, 09251101, 09251501, 09042701, 10011601, 10015401, 08065801, 09253301, 09252301, 09252601, 09252801, 09254001, 09254201, 09254301, 09254801, 09256101, 09256401, 09256901, 09257001, 09257101, 09257301, 09257801, 09258401, 09258801, 09259201, 09259301, 09259401, 09259501, 09259701, 09259901, 09261401, 09262201, 09262301, 09262401, 09262701, 09262901, 09263001, 09263101, 09263201, 09263401, 09263501, 09263701, 09263801, 09263901, 09264501, 09265101, 09265201, 09265501, 09265601, 09265801, 09267101, 09267201, 09267301, 09269101, 09269201, 09269301, 09269401, 09269501, 09269601, 09269801, 09269901, 09270001, 09270101, 09270301, 08065501, 09251901, 09252101, 09252201, 09270901, 09271001, 09271401, 09271501, 09272601, 09273401, 09273601, 09273801, 09274001, 09274101, 09274301, 09274501, 09274901, 09274801, 09276301, 09277001, 09277201, 09278701, 09278801, 09190502, 09278401, 09279101, 09278601, 09279301, 09280101, 09280301, 09280901, 09280701, 09281901, 09282101, 09282001, 09277801, 09283801, 09284601, 09284701, 09293401, 10013001, 10013101, 10017001, 10018201, 10018501
09258001, 09266001, 09267901, 09268001, 09268501, 09258901, 09261501, 09275901, 09103901, 09276401, 09278901
09281701, 09266501, 09267701, 09267801, 09258201
07020502, 06012002
06517702, 07001502
07017003, 05240401
05222201, 07105501
05233002, 07081302, 07108102
05233003, 07108103, 07081303
06786201, 05109001, 06786301
03021703, 05033402
07016701, 07034910
04072701, 05206201
06003001, 06777801
06511601, 05155701
08011202, 06708802
08011204, 08011005, 06606502
04076202, 06692802
07126202, 07126302
06635502, 06791602
06679602, 06738302, 06691502, 06708402
06049902, 06747202
06753101, 06766301
06507202, 06539002
06561401, 04072401
05036901, 05037301
07099001, 09258601
07011701, 09285401
06719401, 07017401, 07017301
06567601, 06761501
04077901, 06647701
05157402, 06050002
06550602, 06562701
09188110, 07095212
04074601, 07020401
06563001, 04070201
03037201, 03037301, 03037401, 05173301, 06030812, 05030101, 05032301, 05058101, 05104001, 07030506, 07038008, 06710207
06567101, 07033902
05235403, 07117301, 10001801, 06594901
07054101, 05118701, 06632601
05031701, 04114401
04112601, 05009501
04161001, 07045801
03045901, 06789501
05137201, 07038603
05127401, 07066904, 07043904
04114306, 06659201
05060601, 06000701, 06000801
05122501, 06018201
04111201, 04160804
04160801, 06582102
06721603, 04010308, 07070102
06708101, 09241503
05028901, 06538812
06555901, 06605105
05052102, 05142001, 07018903
04160702, 05106601, 06002302
06721601, 04010306, 07017904
05099201, 07030208
03045801, 04138802, 06532101, 09241504
06539801, 05078701
05237209, 07086101, 06702108
06608001, 04098604, 07067101
05032601, 06529401, 05074701, 06009701
05152602, 05020502, 05096102, 09173602
06635005, 06651508
06558601, 10010101, 10010201
05132403, 06560205, 04100901
05041405, 06791422
03015305, 03020201, 04001001, 04001301, 04016309, 04156201, 05146303
03003101, 03003201
03003102, 03003202, 07024003
04000601, 04000901, 04159602, 08068201, 09197906
03019801, 03019901, 04001201, 06774613
05093708, 07033903, 09114505
07033705, 09234301, 05194801, 05238201, 07031901, 09051101, 14198101, 14561901
05070407, 06035501
06664315, 05098117
06664314, 05098116
04010502, 06560202, 05013202, 05013802, 06041104
04141901, 05052101, 05174601
04160201, 05167301, 07039601
05058202, 05131602
04014204, 04084606, 04140901, 05050103, 05114101, 05117901, 05118001, 05142301, 07063304
05139901, 06679401
03041103, 04118201
05131401, 05031901
04105801, 04159401, 06650010
05039902, 05224202
04081502, 06052902
04081002, 06053102
05124702, 05023302, 06051202
04082202, 06052202
04081402, 06053002
04082102, 06052502
04082002, 06052702, 09003702
05076702, 06052002
05230807, 07071205
06773606, 09306001
05026001, 06750602
04019602, 04019801
04019402, 04019502
03057101, 03057301, 04012401, 04012601, 04012701, 04012801, 04136302
07025201, 05010302
04017407, 04011209, 04014101
04015901, 04017301, 04017506, 05198205
04017412, 04014108
03057002, 04012501, 07027006
03059001, 04013002, 05000203, 04011903, 04014006
04013001, 05000202, 04011902, 04014005, 07021701
04014707, 04015607
04011506, 09003501
04015102, 04017104, 08046502
04001304, 04016307, 04156204
04084104, 04086604
04019403, 04019503, 10007902
05002105, 05109904, 06750004
04086602, 04084102, 07027003
04017413, 04014109
03015303, 03046603
05000204, 04011904, 04014007
03002302, 03002401, 03002501, 03017202, 03026701, 03026801, 03031901, 03032001, 03036503
03024602, 03025004, 03026503
03024603, 03025003
03024604, 03026505
03015304, 04001305, 04156205
04015801, 05004713
03015404, 03049305, 07023706
03000605, 03000703, 03015403, 03049303, 03050003, 04018207, 08056702, 04014104, 04018303, 04018505, 05198207
04013101, 04013501, 09055102
04000709, 04014710, 04015610
04016702, 04016901
03046602, 04014205, 04015101, 04017102, 04017509, 08046501
04015103, 04017103, 08046503
03039501, 03047901, 04014802, 09004504
04019101, 04014105
04017507, 04014705, 04015605
04014706, 04015606
04016501, 04016601, 04016801, 06653103
03054402, 03054502, 04164903, 06624502, 07004006, 07010006
04014704, 04015604, 04015706, 09003402
04017601, 04017701, 04018101
04010601, 04011101, 04011301
04011908, 04014011
04014404, 04015309
04001102, 04012101, 04013601, 05000703, 09055101
04010506, 04011801, 05013203, 05013803
03006201, 04010802
04084103, 04086603
04014703, 04015603, 04015703
03001901, 03002001, 03002101
03020001, 03020101
04013003, 04011910, 04014012, 07021702
03015302, 04001303, 04016306, 04156203
04018401, 04014708, 04015608
03016101, 03016201, 03051601
03024801, 09278201
03000606, 03000702, 03015405, 03024803, 03049304, 03050002, 04018209, 04018506, 09278203
03036502, 03049703
04018208, 04018508
09299504, 04018904
04019603, 04019802
09047403, 04121302
03036501, 03036601, 03046702, 03051901, 04122001, 05148501
04014702, 04015602, 04015702, 09003401
04011701, 04011213, 04011603, 04014106
04016902, 07104504
04014709, 04015609
04011907, 04014010, 05198204
04011906, 04014009
05000201, 04011901, 04014004
04015201, 05002106
04155101, 04014103
04014801, 04018206, 04018507
03000604, 03000701, 03015402, 03024802, 03049302, 03050001, 04016002, 04016402, 04018205, 06751102, 09038903, 07046502, 04015308, 04018504, 05198206, 06617408, 09278202
03015301, 04001302, 04016308, 04156202
06788505, 06785405
06788506, 06785406
07069602, 08046801
03001201, 04036604
06677911, 06628102
05126101, 09106504
04111402, 04120102
05133803, 04010208, 05121908, 05171203
05047203, 05201202, 05090508, 05201101
03025304, 05209203, 06034505
04160101, 05210004
06622903, 07059002
03029605, 04117903, 06041103
03047601, 06603602
04115301, 04118901
05066401, 07065002
04135101, 04162601
07092201, 09117106, 06783804, 09048103
05004703, 07066303, 07047203
06528701, 06640301, 06625001
09305601, 06048504, 06672605
05236306, 07093305
04128202, 10004302
05152305, 07075603, 09251001
04089102, 06514501
05052502, 07113002
05004701, 07066301, 06709904
05190402, 05214801, 05214902
04124001, 05198501
03019502, 06725012
04122601, 09307001
03025701, 07063201, 09082901
06581101, 06739001
06030803, 06638201, 07074406, 09290601
05229503, 06510912, 07040201
04045401, 05007401, 05099701
06590003, 07062702
06570007, 06567304
04161401, 05069802
06570006, 06567303
06590306, 09008008
03039507, 06768501
03039508, 09019101
06762702, 07084402
06517332, 06709905
04153302, 06697005
07103502, 05166202, 06769201, 07115901, 09080504
04024101, 06549001
04023801, 06621201
05233403, 09031902
05036103, 05086601
06562801, 09055402
03032301, 06527901, 07036301, 06634801, 06026301, 08024801, 06649111, 07074601
04126502, 09017302
06590301, 09008003, 06683804
07095202, 07093802
06782604, 09253904
09117103, 09034702, 09235105, 06711605
06766405, 08045804
04025601, 06664102
05147705, 05232809, 06599102
05163603, 06518108
07069802, 07069610
07076509, 08046504
06658101, 06758919, 06546701
04127901, 05038201, 06583302
04038801, 05063103
04023802, 06621202
06590305, 09008006
06755904, 06016503
05087201, 09114501
06685401, 06649101
09250308, 06605903
07096702, 05026302
05135205, 06003401
05091401, 05211601, 05211701
03017804, 06715610, 05034004, 06624804, 06666304, 09042201
06030802, 07074405
04142901, 05133116, 05196301, 06775712
06656502, 09261203
06013704, 06652701
06522904, 06639003, 06772804
05196004, 06617406
05025701, 05216901
09295601, 06711202
06658004, 06551503, 06771704
06765603, 05184102
07044402, 06016702
04126401, 07074403
06016901, 06643901
05192801, 06613902
07068701, 06776101
06512202, 06748402
05073702, 05122402
06707401, 09307503, 05207609, 06663316
03025801, 05189502
04004616, 05036002
05086704, 06643906
06678701, 06717101
06734901, 09073501
07081702, 07027911
05090701, 07085407
04051406, 05006901
04153301, 06697004
04033001, 06672901
09015203, 06701403
09067001, 05232101
04147702, 04067802
07079201, 07085501
07045704, 05094302
09297801, 06645103
07071604, 08064702
06730101, 07034501, 07068403
06016501, 06755901
14564801, 14283801, 14561601, 14131101, 14565701, 13243301, 14564501, 13343301, 14457501, 14197101
09282302, 09279602
05233202, 06027202, 07092502
14563401, 14475001, 14298101
05026201, 05218801
07095902, 09290101
05061601, 06004101
06513502, 05017802, 08020906
14305901, 14535201, 14565401, 14565501, 14565601, 13563001, 14132101, 14092001, 14563101, 14563901, 14564101, 14241201
14557901, 14558101, 14558201, 13564101, 14532301, 13343501, 14580401, 14558501
13759401, 06609101, 14422201, 14558001, 14197801, 14580301, 14539301, 13218101, 13562501, 13357701
14197201, 14557701, 14557801, 14558301
09107601, 06536709
14562501, 14561001
14541501, 14261901, 13257701, 14295301, 14561501, 14564301, 14091001
05229007, 05111401
13563701, 13241601, 14263601
14565101, 14565201, 14561801, 14131601, 14560901, 14564601
07066901, 07043901, 14564901, 14565001, 14580901, 14541401, 14562401, 14562701, 14115301, 14563301, 13299501, 14561201
13761801, 14202801
05139506, 05159505
06512306, 07055104
06512305, 07055103
06553901, 07075210, 05071001
04036601, 06597401, 07113001
05207612, 06780502, 06532701
06531901, 07089202, 05227205, 07030210
05100302, 06740001
05158901, 06621601, 06689602
04124303, 05035211
06570004, 06567302
05085403, 06760202
05093703, 07033901
07075504, 07038201
05139504, 05159503
04038102, 06673202
07096701, 09034706, 05026301
06773001, 04034201
05159204, 06731501, 06754107
03016001, 05099301
09201602, 07085002, 09015002
07038204, 07074903, 06632801
04151801, 04142801, 07022701
05124301, 06581301
05233405, 06676502, 09031903
05233505, 06690202
09117102, 09034701, 09235102, 06753602, 06711602, 06535402
06697006, 05087601
07004011, 07010011
14559201, 14558601
14559101, 14526501, 14338201
07009830, 06785901, 07081203, 08009309, 09002702, 09263602
04157701, 06521001, 06660301, 07053701, 07079901, 09254901
06678301, 07053408, 06742401, 09074302, 05235001, 08020201, 06703607, 07088801, 06684401, 09155502, 06683803
14561301, 14559301, 14332601, 14559501, 14559701, 14562101, 13377901, 14064301, 14559901, 14563201, 13241801, 14560601, 14178501
03025703, 05225101
04089103, 05181806
05133601, 05077502
05133110, 05185902
05133109, 05185901
06714501, 14559801, 13256501
05240002, 05240102
05025301, 05216501, 06676102
06031001, 07103501, 05166201, 05227209
05002001, 05227106
05189506, 05224012, 07076511
05004705, 07066305
05100406, 06764902
04024001, 05084301
06703406, 06573503
04025301, 06577406
06696702, 09013402
03034201, 07075602
05062501, 06714208
06607403, 06630202
05166204, 06769204
07097306, 09188104
06590004, 07062703
06570009, 06567305
04128302, 05073902
04128303, 05073903
10012802, 06761002
06590101, 08006203, 14247701, 14560101, 14560201, 13243101, 14259401, 13393001, 14560301
07094409, 06731504
06678303, 05235003, 06684403
06518103, 07076506
07096703, 05026303
05047301, 07008202
06515503, 06701502
07097503, 05110601
05166205, 06769205
14319601, 14580501
09304501, 13276901, 14584401
06514901, 06584001, 06654601, 09102301
03045702, 07091501, 09036301
05086801, 06664801, 06539513, 10003501, 06685409
06037202, 05222001
06678302, 05235002, 06684402, 06683805
09007402, 09240301, 09059601, 09139402, 07085701
05100301, 05100801, 06624201
06592202, 07085503
07041901, 14203701, 14257701
06731405, 06731704
06515504, 06569303
07073303, 07040101
06590002, 07062701, 06573104
07069503, 06517601
04040301, 05206614, 07085507
04128803, 06598204, 09289202
04045702, 09015704
04022301, 05185101
10008403, 09289103
03053002, 07095502
09235101, 06753601, 09222701, 06711601, 07071402, 06535401, 09121501
05061609, 06004109
06753605, 09222703, 06535405
04037905, 05162009
03052802, 06688101
07066903, 07043903
05168802, 06598501
07060402, 06736801
06684601, 06774201
05061607, 06004107
06762701, 07084401
06681102, 05186506
09151601, 05227703, 05235006, 06621606
05223001, 09045402, 07081901, 09288901, 08023001
06639205, 09167904
05042201, 06725001
03056005, 06576202
09308901, 06721072
06513501, 07079210, 05017803, 08020907
05004702, 07066302, 07047202
09007302, 07051902, 09106502
06565204, 09202503, 05227706, 06761407, 07035608, 09276902
07083302, 06645802
06565205, 05035216
05235005, 07069613
04124302, 05035206
09035401, 07091104, 04128701, 09171902
05095903, 06636301
04017501, 09250001
05229305, 06559406
07044404, 06016704
06509511, 07079205, 05232205, 09016502
05237805, 14141401, 14131801
06593810, 06788704
06620705, 06685207
06593812, 06760901
04127802, 09067002, 05232102
05233702, 05035203
08037303, 06609803
06731502, 05228712, 06761803
06028102, 06028202
06028101, 06028201, 06028501
05147704, 07085702
09309203, 06012506
07067307, 07095208
06570904, 07048411
05228710, 13160502
10003405, 06539527
06512207, 06748405
07067306, 07095207
06765202, 06760710
05223705, 06510707
05225912, 08014902, 05224405, 05231506, 06020607
06527903, 06634803, 06573801
07055305, 06510706
07055304, 06510705
09026103, 09006002
06760719, 07072004
07044406, 06016706
07044409, 06016709
06038508, 05061602, 06004102
06685414, 06649115
05237809, 14511401, 14586901
04127803, 09067003, 05232104
05228713, 13315201
05237810, 14511301
05061604, 06004104
06636101, 09302904, 06020606, 09264301, 09059501
09151602, 09301302, 04126503, 09017303
10003404, 06760708, 07072003
07075109, 07088502
04128002, 07055702
05061605, 06004105
05223708, 05223815
06509512, 05232206
07044407, 06016707
07081906, 05223811, 08023006
09151604, 07035609
06508307, 06764202, 06593809, 06788703
06545207, 09307603, 07063611
06644306, 06669905
06741106, 06607404
04125701, 07048507, 09169405
06730902, 06517316
07063505, 06737104
06592706, 07059303
07033408, 09086601
03028902, 07083902
05237807, 14296801
05061603, 06004103
05111502, 06589705
06730708, 07034905
05223003, 09288903
07029905, 06627802
05237811, 06669906
06616911, 06617014, 09110108
06617013, 06616910, 09110107
06512310, 07055507
06512311, 06734904, 07055508, 09073504
09232204, 09195904
06025206, 07055506
06025205, 07055505
10012803, 06761003
06512206, 06748404
05223004, 09288905
09060101, 06020809
06539512, 06685417, 06649110
07053404, 07034903
06648405, 06617012
07031107, 06570202
07004012, 07010012
06651104, 06664505
06660004, 06747607, 06741505
07069807, 07069606
05211602, 05211702
05226005, 06592201
06565802, 05225703
05085702, 06648904
04016301, 06581201, 06586601, 06025230
06515501, 07009815, 05114301
10003401, 05017301, 06760701, 07072001
14171801, 14308001
04155201, 06564903
05223807, 06685202, 07077701
06621603, 06689601
05045601, 06664204
09047401, 07059309
07051305, 10002601
05023507, 05051301
06669901, 05237801
06669902, 05237802
05225202, 05225304
07075401, 05228701, 07085301, 09106802, 09038003, 09184201
04046303, 06574003
05135501, 05232405, 07073405
05159201, 06754101
06725007, 06760012
06653401, 06648807
06782603, 09253903
08008201, 06763501
04125501, 09083901
05004704, 07066304, 07047204
04022001, 05211501
05232401, 07073401
06512201, 06748401
06512203, 06748403
07069806, 07069605
06509501, 09016501
07060603, 08014003
06508401, 06682302
05232402, 07073402
05135502, 07051302
05232403, 07073403
04128201, 10004301
05224403, 07075103
06648404, 06617011, 09278502
06526603, 05052504, 05172304, 06628301
05036101, 06773501
07079204, 07085505
06607401, 06558501
05240003, 05240103
06545205, 09307602
05237901, 06514701
04001401, 06701101, 09030603, 06743002
05004401, 05017303, 06760706
08009303, 06649108
06718603, 06770203
05001406, 05097401
06711812, 06683807
06758913, 06710201
10003403, 06760702, 07072002
09117105, 09034704, 09235103, 06753603, 06711603, 07071403, 06535403
09022802, 09006206
09250306, 06605901
06594703, 07054402
06544801, 09098401, 06572401
06007002, 09129404
09296601, 05099601
06731503, 07078001, 09038004, 09184202
05228901, 09035402, 06544905, 06725002, 06651501
05233701, 07050301, 04124301, 05035202, 06627514, 06701421, 06513708, 09036501, 09198201
06522302, 05030703
07092401, 06609802
05134701, 09043501, 09263601
07085202, 09022103
06570003, 07026903
04155203, 06539532
06038302, 05232307
04032902, 06575901
05096201, 06746901
05025702, 05216902
05232406, 07073406
05061608, 06004108, 06504906
06764201, 09307502, 06593808, 06788701
07034908, 07014801
04036602, 06597402
04128805, 09289204
05227204, 09012201, 06573105
05061401, 05206609
06765606, 05086706
09311702, 09007301, 07051901
03000302, 04007603, 04144102
07062203, 06733503
06545201, 09307601, 09309101
03053001, 07095501
04036401, 05063101, 09003001
05121502, 06528001, 05172302, 09001104, 06745301
07009801, 08012403
03035902, 05192102
05159302, 09059102, 07075005
04001404, 06543301
05069703, 06672601
06509502, 07079203, 06709901
06010701, 06583301
07069501, 06580801
06535701, 06665301, 09285601
05004706, 07066306
05232512, 07035905
06593804, 06788705
05147702, 05070602
09055405, 06672604, 07055101
09250307, 06605902
07067305, 05211506, 07095205
09117104, 09034703, 09235106, 06711606, 07071404
07076402, 06743101
04023803, 06621203
06762703, 07084403
07058901, 07073601
06574801, 06563402
05100411, 06764903
04034802, 05100401, 06764901
09016702, 07030603
04021401, 04153401
05023502, 07060509, 07008901
05223802, 07078701, 06510704, 09176602, 09087104, 09280002
06731402, 06731703
05226007, 06774701
07036302, 07091101, 09171901, 07086604
07097401, 07075004
04023403, 09029304
04021202, 06524601, 09007802, 06599101
07021302, 09261801, 09086602
09045504, 06509504
06593803, 09177705
05133115, 06775711
05232808, 06772504
05229511, 06030814
05086802, 06664802, 06539514, 10003502, 06685410
05141401, 06640502
03016601, 09024902, 09086603
04043002, 04043302
03042502, 07086501
04023902, 05163001, 05085401, 06760201
05146502, 06678304, 05159001, 05235004, 06684404
06517329, 05004403, 07075108
10012801, 06761001, 09001101
06655001, 06536101
04022002, 05211505
04127302, 05035002
05159502, 09289501
09202504, 04057403, 06005710, 06504202, 08026502, 09046403, 09256501
04124201, 06504203, 08026503, 09046404
07060403, 06736802
09120403, 09244603
04021402, 04153402
06768102, 06574002
05038701, 07070703, 06583201
06768101, 06574001
05133102, 06584701
09049601, 07074901
05061606, 05207602, 06004106
05226002, 06592206
09232202, 09195902
09008303, 07086203
10008401, 09289101
06721003, 07063403
06678305, 05235009, 06684405
04033804, 09286908, 07071206
05166203, 06769203
04157703, 06508305, 06629101
05140301, 06625007, 05013101
09240302, 07088304
04004611, 05036001
06541601, 06657201
06732103, 06756906
06762705, 07084405
07004014, 07010016, 07050212
07009827, 04066207
05180001, 06722601
09300701, 05165904, 06770601
04128001, 05147701, 07055701
05116303, 06026703, 06679302, 06631803
05061610, 06004110
09288605, 05226006
06682803, 05227708
07060506, 07067408
07086801, 07086701
05224402, 06010802, 07075102
05223702, 06510703, 07080101
06025229, 06676103
06755903, 06016502
08014901, 06682801
06539508, 06760704
07021101, 09067701
06709903, 06513701, 09256603
05177402, 09083903, 05159301, 06621003, 09059101
06648401, 05230002, 06617001
06648402, 06617002
09149301, 05227201
09203201, 07084803, 09039002
06633601, 06595910
03008208, 05229114
03058601, 07043404, 07122301
09287801, 08029007
04038501, 06636906, 06678504, 09003301
03028102, 06586502, 09009304, 04001902
04013803, 05046002
07045005, 06638301
06681401, 06549302, 05070804, 06596901, 06686002
03018213, 04143913
06576705, 04011204
06759701, 07038501
05228813, 06607004
03013701, 07057101
04085901, 05050801, 06721035
07059902, 07029707
03019001, 06578601, 06757201
06717002, 06651101, 06750101, 06576301, 06570401
06660001, 06747601, 06595901
04008801, 06740601
06648502, 08062302, 06634001, 09282401, 06585401, 07046601
05144403, 05230815, 06754410, 09008204
03041104, 04011405, 06749803
04105601, 06734501, 06625601
05230712, 10010103
03012303, 05056802, 05193411, 06715903, 08030011, 06749210, 09232103
09297601, 08060701, 08037501
06788501, 07054202, 05139101, 06785401, 08050002
04156001, 04134601, 06514101
09299503, 04018903
05034801, 04115001
03026501, 07039504, 07073605
04128301, 05073901
05138101, 06044701
05047205, 06580001, 06695301, 06678502, 07034803, 09180901
03001704, 09038902, 05095501, 05119002, 06757403
09000301, 05098501
05123301, 07043301
07055704, 06579001
06550501, 07034802
06753402, 09236502
06753401, 09236501
03036903, 07059308
05119004, 06757501, 08067004
04004308, 05070703, 05202701, 06721403, 06767401, 07083404
05047207, 05119301
05058201, 05131601
04139701, 07096501, 06625606
06684605, 05099302
03041501, 03041601, 03041901
07005001, 07005101
04004817, 04004906
03004801, 06634004
03015001, 06640701, 06610301
06678306, 06621002, 06626703, 06637001, 07055102
06576701, 08013301
052291a7, 08027905, 07043405
06650508, 06779901
05047209, 06696801
03008205, 03008302
06527301, 07031802
05003204, 05005304, 05212408, 05214107
03023901, 05002103
07030206, 07017701, 09264401
06775502, 09249602
06037301, 06775501, 09249601
05095718, 05098202, 06618305
07036101, 04110601, 07071001, 08020701
04123501, 04165301, 04165401, 05058401, 05013902, 06664309, 05098111, 06556902
04112101, 05095401
07015001, 07000901
05121204, 06775804
04010504, 05129301
03055402, 06650008
04106903, 05049111
04106902, 05049110
05096902, 05193802
04160901, 05121902, 06644601, 09112101
03000608, 05237509, 06591902
05237518, 06724603
05042501, 05042901, 06660501
07060601, 08014001
04117801, 06513301, 06618102, 07051503
06706702, 04015402, 08064401, 10013201
04108801, 06566309
09012610, 06684805
06721015, 06548109
08027915, 07039210
04004305, 04004507
04108701, 05131603, 05132101, 05119801
04081840, 09308809, 06664312, 05098114, 10006109
04118101, 04161101
03002701, 04018704, 05229184, 07082702, 09099402
05224109, 06030702
04004404, 04004704
04080201, 04033901
04037603, 06609304
05212501, 06533302
05224702, 05029602, 04046702, 05097702, 05159902, 07081502
03022301, 05154302, 06585501, 06048004, 07070004
05153701, 05122401
05212405, 05214105
05013201, 05013801
04004403, 04004703
04014002, 05198201
09000501, 09078801
05138503, 06017106
06724101, 10002701
04081333, 06738501
09182601, 09043401, 09129901
05138501, 07057201, 06554501, 07037408, 09049206, 06720301
03007303, 06586101
06699206, 06760007
07102301, 09112803, 05177102
06791409, 06657917
04111002, 06609002
05069301, 05034401, 05037401
03017802, 04017515, 05007605, 07071309, 09001103, 05148204
06512501, 09038001
07009810, 07023715
05123302, 07043302
06717010, 06747002, 09007605
10002402, 09152303
09106505, 09168502
06702001, 07096106
08043801, 07082501
04109401, 06610302
07053010, 09025102
04011205, 06509702
06539901, 06701605
03045001, 04110501
06625701, 09215401
04107201, 06580002, 06636902, 06639501
09255501, 06644603, 09112102
04011206, 06509703
05071701, 07046103
06569803, 05089703
06529402, 05074703, 06644103, 06009702
03000607, 08056701
03018901, 09083201, 07046302
03040201, 04104901
06609501, 06688201, 05019601
07065801, 06558901, 06757801
05223903, 06619601, 05229178, 04105501, 08065001
05223904, 06619602, 04105502, 08065002
03012305, 03012403, 06749229
07062901, 05168305
05017401, 06504901
07046001, 09236505

09145501, 09122201
05049501, 05169301, 06679901, 06787301
07124802, 09011102
06539304, 09216104, 09098706
04008106, 04159106
04008101, 04159101
05015002, 05015101
05207701, 06740605
09078402, 06716902
09078401, 06716901
07129001, 07128301, 08065101
04008104, 09142001
09135502, 08018704
03014605, 05237109, 08022501, 09098704
09078403, 06716903
05009101, 07059001
03014601, 04144301, 07060202, 04009203, 05014601, 05014801, 07087101, 06740604, 09098708
09078404, 06716904
07060203, 08008501, 07049102
09135501, 08018703
04047104, 04048005, 09266904
08024203, 09122404
09311602, 08052602
09308804, 06664303, 05098105, 10006104
04149203, 04149303
06686103, 06702810, 09122805
03006001, 04133101
05050702, 05190701, 06662302
06655713, 07020001
06628702, 06575309
03018701, 05039201
06584201, 06764401
05007903, 05008001
05025102, 05182302, 06532602, 04120502
06564502, 09064502, 06735502
05146701, 04121501
05228808, 06730105, 07068401
06677904, 06624402
05228809, 06730106, 07068402
04095001, 06593101
04010505, 05082501
08004302, 06533801, 10017101
05057502, 04113302, 05074002
08013801, 08014101
03008309, 04102001
04116701, 05003101, 05176201, 06723001
05021201, 06539201, 07046904
03012304, 05056804, 06749211, 09232105
05162801, 06543802
03032901, 06042401, 07063507
04000703, 06706704, 06611201
09296804, 10015204
04080601, 09029601
04080301, 09006701
05039901, 05224201, 06051101
05124701, 05023301, 06051201
04081401, 06053001
05076701, 06052001
06052701, 09003701
04082101, 06052501
04081001, 06053101
04081501, 06052901
04082201, 06052201
04080401, 09010701
03005501, 05119901, 07031101, 06706801
03010601, 05137801, 05172701, 05069502, 05073701, 05048901, 05107701, 05124601
04148702, 04094302, 06610101
04148802, 06038511, 06606602, 10016202
06763902, 09012701
05229401, 06544903
06694401, 04013802, 05071901, 06670301, 06758701, 07010005, 06638302
05021301, 05229172, 09051901
03056201, 06665101
04098501, 06588001
09287101, 10019201
03050501, 03056801, 06576006
04160802, 05018901, 05190901
04005901, 04006701, 04007001
04005201, 09003202
04000702, 06706703
03056002, 06513401
09303901, 07029101
07032101, 09304101, 08011702
09304001, 06015301
07032001, 09294501
03045301, 07072701
03045201, 04144201
06534901, 07017001
08025402, 08011502
03037601, 06719102
03011001, 03052301, 04023401, 07100901
03029001, 03029101
03050502, 03056802, 06627507, 07024802, 07028902, 07025602, 09299301, 09288805
09015601, 05218101, 07093001
05235901, 06570001, 07044102, 09308601, 07026901
03036204, 09084101, 09294701
03018206, 04143906
03033713, 06551011, 06627509, 09288803
04164301, 05195601
03050102, 03056402, 04084702, 04084802, 04143911, 06630510, 07025801, 09299302
03018212, 04143912, 06630511
03005201, 03058201, 03058401, 03058501, 09261701, 09283401
03033714, 06551012
05071101, 07023801, 09302501, 09309402, 09309702, 06728404, 06764803, 07026601, 07024602, 07023601, 06689003
07024801, 07028901, 07025601
03018209, 06630509
05171401, 06775001, 09261702
09296603, 05099603
05002104, 06750003
03018210, 04143910
03050101, 03050201, 03056401, 04084701, 04084801, 06521506
03018211, 06570008
03038505, 06556701
05142501, 06587308
03035002, 05192513
05225406, 06739203
09298501, 08031402, 06708302
09308401, 07026501
04084601, 06527601, 06770701
06645107, 06602803
06038901, 05178701
04157801, 09006201
04157901, 04158001, 04158101, 04158201, 04158301, 04158401
09078001, 09005601
04158102, 04158202, 04158302, 04158402
04064101, 09257701
03029602, 06547501
05027201, 09020601
05229510, 06693003
09022806, 06766502, 07038601
05236203, 09009703
06570503, 09026702
07064103, 07127803
08053501, 06033501, 07000701, 08011701, 09277501
07102502, 06581601
07036006, 08011206, 08011007
06692402, 06708803, 08011205, 08011006
05072702, 06705701
04038101, 06718601
03038501, 06668101, 07027005
03044902, 04006602
04005602, 04153102
06585701, 06749401
03043008, 07028404
03028804, 06774101, 07028405
03015406, 07023707
04122604, 09307003
06551301, 07114201
03048302, 06660701
04155303, 05227504
04067602, 04130402
07036603, 05051803
03031601, 03051801, 07077801, 05087102, 06583902, 07038301
04073709, 06595607
06703405, 06573502
06043902, 06044301
09288102, 06750402
05142701, 06519903
05219601, 08035702
06690801, 07025503, 06710603
06740301, 06765001
07086901, 05040401
07019001, 07086902, 07033404
05233602, 06628201
09157801, 06697001
06595603, 08031401
06639202, 06518804
06640002, 06585302, 06771902
04108103, 05171803
03026902, 06663903, 06011503
09022603, 09203401
03060001, 05237401, 05235701
03018214, 04143914, 09295701, 09291701, 09130701
07037002, 06667302
06034901, 09300401, 06737701, 06611901
05225408, 05184601
06016301, 09138601
06742302, 07106701
06691601, 06719101
05133104, 05091302
06549902, 10001201, 06691805
09304202, 06645102
06757304, 09164602
05088801, 06727801
06005501, 06008004, 06008205
06550603, 07109602
06557810, 06772102
06746201, 05156302
09217403, 09136303, 09146303
07034101, 05222601
04111502, 05123005, 06646802
09061201, 06577501
05192511, 06639806
06626804, 07029601
07032303, 05213201
06008007, 06530202
03048303, 07043101
06521402, 06665202
06693501, 07043201
04076203, 06692803
05231601, 10001101
07020107, 05045107
05026903, 10001701, 07023710
04114106, 06596504, 07087402
05220801, 05239801, 07027501, 07029201
04083501, 06719501, 05231401, 06675501, 06644001
09044101, 05028001, 06779001
07053401, 07065601
04083103, 05019802
07035202, 06704201
08020401, 06635301
07071501, 07093101
05083603, 06598102
06047602, 06739701