06664402, 06716401, 06548401
05004711, 07066307
06613001, 06600901
07037003, 06774301, 05012601
09172801, 09104402
09046002, 09040802
06017801, 07072305
05226601, 06525002, 06532802, 07081703, 06610702, 07027901
06779703, 06699406
04164103, 06582502, 06524303, 06613302, 06758011
03025002, 06573402
06528101, 06651601, 09009002
03005001, 06574702
09008312, 07086214
06032201, 06661401
05230403, 06595608
05050402, 05193902
06758501, 09278001
06650902, 09006102
03029606, 04117904
03035302, 06701420
07037806, 07044605
06584801, 06559501
06750806, 06606001, 07036501, 06768601
06750805, 06667701
07029401, 07041805
06034904, 08031101
06522901, 06639001, 06772801, 06676501
06522902, 05233402, 06639002
04021705, 04148001
07027401, 08043901
06647903, 06775708, 06666101, 06608402
09076901, 07050801
05160902, 05198902
03022803, 06678601
03009801, 07051406
06037101, 09211104
06623502, 06775704
09310301, 06640001, 06585301, 06771901, 08030703
06659901, 06764301, 06677401, 06610001
05121906, 06662101, 08005001, 07028701, 10009501
06762704, 07084404
09232203, 09195903
05040402, 07086904
04061201, 04065201, 04155501, 05008601
09202501, 07091404, 09046401
06504201, 08026501, 07114701
09027502, 06664902, 07027802, 07025102
06040101, 06046401
05231201, 06662801, 09088101, 07039101
05229701, 06004501, 06004801, 09018003
07048801, 06654501, 06556101
05229801, 06034601
09287201, 09171601
03043001, 05188101
03028801, 06011501, 06663901
06525901, 05233001, 07081301, 07108101
09304201, 06645101
05177406, 06768901
06533003, 06639702, 07038002
06593401, 09256002
05001001, 07062404, 10005701
05026901, 09303601, 07023708
04086107, 06043001, 07060902, 05088501
06054001, 06504001
03024805, 07000503, 09278205
06774001, 06767303
09300501, 06620501
07000502, 08002802
04157401, 07035301
07022801, 09278101
05226801, 06677913
04114114, 06591201
05052305, 05203501, 05203601, 05203701, 05204201
04015105, 04016207, 04164201
03042702, 09255001
07038402, 06784102, 07072402
04164402, 07043502
06590502, 06658702, 07042702, 09035502
03009601, 03047401
04163802, 07063002, 09014303
07038403, 06784103, 07072403
06590503, 06658703, 07042703
09310202, 04018708, 06705401
05184404, 05122002
06533202, 07046201
03051002, 07076404
06646201, 09024302
07082101, 07031601
03033402, 07055803, 09295603
09029301, 05088701
09029302, 05088702
06719701, 06659701, 06739802, 07037802
06526902, 06019308, 09168510
06529501, 07032707
06041105, 06041301
07032701, 09106508
03060002, 05235703
07126902, 07126203, 09130202
06588605, 06624901
06692701, 06745601, 07028703
07032404, 06017001
04005010, 06766503
03034401, 06740304, 09114506, 06770403
06538001, 10017102
06638901, 07030301
06009101, 06684901, 07030202
06757602, 08013501, 07030601
05230609, 05072203, 05231406, 06708309, 07027202
04112604, 05009504
04108101, 05171801
05224401, 06010801, 07075101
04108104, 05171804
06677001, 06715501
04163502, 06780702
06009104, 07072604
09043402, 09129903
04016101, 06651602, 07032909
07082104, 07078303
05059004, 07082103, 07031604, 07078302
06541603, 06657203
05225402, 06739201
06554602, 06749502
06554601, 06749501
06586403, 06638703
09068705, 07066207
05196001, 06516608, 07033405, 07028101
06009105, 07072603
07062202, 07095103, 09148102
03029401, 06773908
05145006, 05002601, 06771803, 07029702
04163501, 06780701
09081101, 07089601
05229301, 06559401, 07032102, 07032002
03036207, 04164302
09303002, 06595601
07054801, 06018303, 09120301
06668001, 06016103
04147201, 07046101
04064701, 07031704
04153904, 04082904
05104502, 07017603, 08051401, 07047502
07108706, 05168211
04143408, 06694701
07060401, 06677202, 06716102, 06736803, 07033402
03029504, 05228201
09296201, 07030302

08011207, 06705002
09061202, 06577503
05002304, 06626903
04057702, 05239903
06554203, 05045103
05070406, 08044002
06766702, 07011004
09257904, 06769802
06679701, 07037301
05172801, 07077208
03036203, 06524403, 04066201, 06741301
06034902, 06766901, 06737702
04061301, 09289601, 07035604
07033503, 05231702, 06750804
07084705, 07072805
04163602, 05013109, 07094804
03017402, 09298702
08027801, 08021401, 08021301
06721801, 04059103, 05162001, 05238401, 06744601, 07056401
06557701, 06546901, 07031201, 05238301, 06643501, 07086001
04153802, 08021606
06554402, 07074303
08021505, 06767304
06696704, 09013403
03029502, 05228206
05188801, 06596502
06744605, 07056404
04059901, 04158501
06554902, 06704101
09046001, 09040801
07038401, 06784101, 07072401
06590501, 06658701, 07042701
04163801, 07063001, 09014302
07033502, 05231701, 06750803
07084701, 05088707
04163603, 05136401, 06627401, 05013106, 08027301
09046003, 09040803
05047206, 06662102, 07028705, 06550502, 07034804, 06633001, 06583502
06662401, 06773604
06680602, 10009703
03009910, 05099202, 06707801
07026705, 06705601, 05231801, 07055902, 07031401
04160703, 06552501
07027404, 06773302
04163601, 06627403
05101201, 05208201
04139702, 07096502
05231203, 07039108
06582601, 06612501
04023402, 06525001, 06532801, 06610701, 07072501
07117801, 07083101
04063801, 09014602
06595602, 06737705, 06611902
06547201, 06674901, 07029706
04076902, 08005902
06763303, 07065602, 10008901
07057611, 07031701
06679402, 06766803
09165101, 06678503
07081903, 10012301, 08023003
04064202, 04145801
06676901, 06022205
06528501, 09060901
04164405, 06605502
04164404, 06605501, 09022001
04163804, 07063004
04016205, 08067009, 07042805
05147901, 06587302, 06022903
05044203, 06006803
07026701, 07029203
06011601, 09167301
06673204, 07092601, 06770201
09008301, 07086201
03009802, 07051407
03009602, 03047402
05094401, 06720801
06556001, 06567901, 06596501
06632101, 06544906, 07042808
06634002, 06585403
07077201, 07034902
07090102, 06590901
05231403, 06644002
06514903, 09102303, 09062302
05026202, 05218802
05231608, 07028704
05116601, 06680502
09173703, 06782803
05145501, 07080201, 09068203, 06763102, 07087404, 06576201
06012701, 07085102
04152602, 04152702
05140304, 05013103, 04066206
05162005, 07050211
06636501, 06772802, 07055901
06043901, 06771702
06041801, 06033201, 06036001, 06680201, 08022201
03018601, 04060201
03004701, 07060901
07082111, 07031612
07082108, 07031609
07027402, 08043902
06751005, 07028002
06722204, 04043812
04059601, 05199301
05177101, 05201401
04043810, 05202401
07038207, 06618308
04001104, 05230608, 07026801, 07049502
09303201, 07062301
06739801, 07037801
07008904, 06681703
10003002, 05200702
06567902, 07044604
09147502, 08006002
05236202, 09009702
06570502, 09091802
06574902, 07075904
06746502, 07048302
05172803, 07077210
07034601, 07030303, 07027904
07088901, 09004801
07022803, 09278103
05232507, 09281202
09068710, 07066211
07027804, 09027504
06744607, 06699102

07056503, 07055203
05168206, 09260201
04083109, 05145008, 09018903, 04071103
06710215, 06594602
04082902, 04153902, 07068304
03025803, 09222706
06546904, 06557704
07084704, 05088710
06721803, 06744603, 07056403
06557703, 06546903
07084703, 05088709
05013108, 08027303
07027910, 07083102, 09222002
05190501, 06783802
06043903, 07033504
04082804, 06671103
06779704, 06696903
06008904, 07080803
09022604, 09203402
09016103, 07084710, 06744608, 07056408
05013111, 08027307
07037902, 07080206
06011603, 09167303
06046902, 05236602, 09129002
05231603, 09011701
04082504, 09051702
04082503, 09051701
09029303, 06710206
05190503, 06783807
07125004, 09069501
06757305, 07053105, 08052002, 08067002
05227902, 09018502
09081102, 07089602
08021507, 09290301
06521305, 06557303
06011604, 09167304
06741603, 07030203
05149101, 06663201
03020601, 07046402, 05049502, 05169302, 06679902, 06787302, 09230504
09173701, 06782801
06763302, 10008902
06654502, 06556102
04078302, 05166010
09217401, 09136302, 09103202, 09146301
04144002, 09293001
03003701, 04081701, 06032209
05073201, 06699407
07027806, 09027506
06612301, 05098104
04066102, 06691804
06040402, 06032602, 06635504, 06791604
06782304, 06786403
09031302, 07071303
06743601, 06579903
05227901, 09018501
03013001, 05007201
03038504, 06560103, 09026803
05083604, 06575501
03038503, 06560102
05027601, 05229201
06550311, 06588203
06743413, 08000703
06584509, 06756702
04112603, 05009503
06694301, 07038005
05172802, 07077209, 06693401
06721802, 05162002, 05238402, 06744602, 07056402
06546902, 06557702, 07031202, 05238302, 06643502
07084702, 06744606, 05088708, 04059104, 09196901
05136402, 06627402, 05013107, 08027302
07068301, 09141101
06779701, 06612701, 09230601
06743302, 08028401
06664901, 07027801, 07025101
07063504, 06737103
05235601, 07034901, 09311801
06009003, 07006603
06009002, 07006602
10002101, 05184901
06759412, 06667801
05117802, 05217402
04146002, 04146301
05229703, 06004503, 06004803
04064801, 06541801, 07082802
05229001, 07033201
06516601, 07117401, 07027912
07083301, 06645801
06755602, 07043102
03048304, 06660703
06554608, 06684504
09018901, 04071101
09291201, 07071005, 08020705
05145609, 06613703
06758503, 09278003
09288101, 06750401, 06702702
07075202, 04064501
05231104, 06631101
03023201, 03024201
03053102, 03053201
04016102, 06651609, 07032910
05230510, 06617018
03048305, 06755610
06673201, 09287302, 07092602, 06770202
04083706, 09302802
06772602, 06638603, 08005002, 07028702, 10009502
06663902, 06011502
09157802, 09176502
07048805, 06654505
06528102, 09009003
08021502, 06767302
06599003, 06691901
06552603, 07062403
05237302, 09308002
06041802, 06033202, 06036003
06753502, 09239904, 09240004
06546602, 07049503
06004702, 06646206
06676903, 06022206
09304203, 09203502, 06602802
05009902, 06739602, 06023203
06011602, 09167302
07086903, 06011504
06640905, 06759103
06554604, 06749503

05231605, 05231202, 06662803
09173706, 06782806
09173704, 06782804
09239002, 09213301
05171913, 06775603
03038507, 06559408
06547202, 06674902
03023202, 03024202
06046905, 05236605, 09129004
06012805, 06020605
07069302, 09171302
06575202, 06630402
09089902, 05222802
06516607, 05226202
06719503, 09297003, 05231408
08058203, 09293303
03038508, 07095608
06746402, 10015002
09310302, 07029504
06677203, 06716103
09296503, 06755704
10004601, 06636602
10002102, 07024203
06575203, 06630403
06046904, 05236604
09288103, 06750403
03002702, 09099403
06008905, 07108704
09045404, 06538810
05225411, 06740202
06606002, 07036504, 06768602
05009903, 06023204
06719502, 06602902, 09297002, 06644003
07034205, 07029503
04083505, 09054606, 09216503, 06644004
06696705, 09013404
06649302, 09286701, 06717802
09068706, 07066208
07022804, 09278104
07004401, 06603101
05026904, 07023711
10017602, 09246903
06038903, 05178703
06552602, 09309502, 07062402
06523203, 07087003

03033404, 07077302
05232407, 07073407
05228301, 10014401
09301101, 05235801
05092802, 06050502
03033401, 07077301
08026304, 07044704
06552601, 09309501, 07062401
06525403, 08050304
05036902, 05037302
09303001, 07040501
04114113, 06591202
05230908, 04077202
07057607, 07031706
05083202, 07060801
06734702, 06738202
04108102, 05171802
08039401, 08039501
06522903, 05233406, 06661901
06658003, 07081704, 05233506, 06662901, 07027902, 07044501
03034001, 06531301
07027803, 07076304, 09027503
07109501, 09214001
07063202, 06746401
06517305, 06750901
04083705, 09302801
06677201, 06716101, 06011505, 07033401
06031801, 07095602
06517335, 05209402
04151602, 04132803
06532002, 06695304, 06745903, 09296401
06691101, 07076306
07076305, 07068904
06532001, 07111601
04063501, 04145001, 04017411
06649301, 07033403
06739202, 08030701
04015106, 04016208
06639807, 08000304
07068501, 06571905
06526901, 06689301
06741602, 07030204
07029501, 06636601, 07087405
06537602, 05239001, 06610801, 08043001, 06556104
07032502, 07049505, 06773101
06750005, 06531501
07052603, 06749601
06532405, 07073204, 07032202
03036206, 06579902
06585923, 09297001, 05231407, 09288701
03018605, 06526801
03009605, 03047406
08056601, 09148103
05236201, 09009701
06590303, 09008005
07095601, 06031802
05184801, 05221001, 06755703
05156301, 06691803, 06767801
07081904, 08023004
04063401, 06784601
05229306, 06559404, 06575201, 06630401, 09232801
03029601, 07025103, 06531701
05232303, 06621909
07101301, 07012101
06523501, 09293602
06538801, 09067602, 09067501
07063503, 06737102
07064104, 07127804
05236204, 09009704
05064302, 05217802
06747004, 09007607
05228204, 08025704
06753501, 09239902
07082110, 07031611
07082107, 07031608
07026101, 06617401
06677914, 06742701
06746503, 07048303
06627701, 08056203
10000701, 06767301
07077202, 08021503
06579201, 04019001
07082105, 07031606, 07078304
04154005, 09020802
06526301, 05064902, 08021512
07057002, 05167702, 06015104
07057001, 06766601
07055602, 07091802
06706303, 09071501
07042103, 09111703
07042104, 09111704
06548601, 07002301
06738904, 07105401
09054601, 09216502
03035001, 05192501, 09010601
03038502, 06559407, 06560101
06705602, 07031402
06608412, 09067601, 09293601
04137901, 05117102
06563601, 08011001
07038205, 10016601
03036201, 06524401
04061601, 05073601
04147701, 04067801, 06540403
08038801, 09293901
05012502, 07028406
09200301, 09106901
09169402, 07060702
06764802, 06689002
05225401, 06517301, 06740201, 09039001
06738906, 07105402
05002303, 06626902
06554202, 05045102
05156303, 06577302
06604901, 07036506
06032903, 06674701
07037501, 06716701
05119701, 07072202
04152601, 04152701
07034603, 05231109
06661902, 09158006
06662902, 07027903, 07044502, 06017911
05233201, 09052101
06520401, 06691301
07090801, 07072601
04018213, 06588402, 06657601
07089301, 06667301
04066001, 06015105, 07104301
06679702, 07037302
07057608, 07031707
04147603, 04079103
06561403, 04072403
06561402, 04072402
05064401, 06042001
04163904, 04062202
03035301, 10012204
06768403, 07106803
06768401, 06751004, 07106801
05147602, 05008105
06658001, 06551501, 06771701, 06690201
06658002, 05233502, 06551502
09127401, 10014901
05236101, 09018004
05116301, 06026702
04164105, 06524304
06633501, 07003801, 06531702
06517704, 07001503
06691504, 06708404
04075802, 04164702
04164503, 04164603
06725404, 06533001, 07059901
05060002, 05097408
06637103, 06738908, 07105404, 10014502
07052601, 06047501
05140002, 07064404
05140003, 07064405
06533004, 06639703
06046901, 05236601
05223401, 09171301
07037502, 06716702
07104601, 09129904
07073701, 05150201
04163604, 07052406
05223801, 09280001
06009001, 07006601
07104101, 07103904
07076307, 06523802
07027805, 09027505
06049702, 06050702
04083301, 06052301
06548603, 07002306
07125003, 09092902
06677601, 07089303
03046801, 07000501
06005502, 05065201
06746504, 07048304
03046303, 04060901
08056603, 06770001
07075204, 04064502
05119401, 07110601
06560403, 05072703
09312401, 05233101, 08040901
06027801, 04057801, 05233802
06586002, 06654402
07076303, 07068903
05160501, 06002005
03024804, 09278204
05045302, 07039603
04112602, 05009502
09239907, 09240007
09173702, 06782802
09018905, 04071105
07044410, 06016710
04017521, 07076703
06746501, 07048301
06005505, 05210202, 05210302
05003202, 05005302
05064301, 05217801
05147902, 06587303
05009904, 06739603
06789101, 07066204
05026902, 06555501, 07023709
05227208, 05231106, 06602601
06559502, 07034602, 06694501, 06636002
05009901, 06023201, 06739601
03029604, 04117902, 07092902, 06041102, 09016901
03009603, 03047403
06583901, 06557807, 06585607
09201601, 07085001
06690802, 07025504
03029501, 05228205
10002103, 05184904
04147601, 04079101
05174902, 04018801, 05186504, 06531201, 08039102, 06670503
06551601, 06721301
09018906, 04071106
07058204, 07027913
09018904, 04071104
04074902, 06613105
06730103, 08069502
06741601, 07030201
07065207, 06584407
05207614, 06780501
09232201, 09195901
05005308, 05209002
07082106, 07031607, 07078305
09008302, 07086202
03036202, 06524402
06022901, 09152201
04065101, 06753801
05168601, 07040305
09305401, 09024101
04143301, 07055202
05139801, 07095102, 09148101
05028803, 05162004
05140303, 05013102
05028701, 05216601
06546603, 07071502
04153903, 04082903
09007201, 09005903
06740306, 06770404
05147618, 07071506
09089901, 06686501, 05222701, 05222801, 06667901
05229702, 06004502, 06004802
09051703, 04082501
06783901, 07070201
04153901, 04082901
07082109, 07031610
05234901, 07039702
04004621, 05193419, 05023514
07032104, 07029106, 06015302, 07032003
04146004, 06512004, 09111002, 07088202
06675804, 06703407, 06577407
06585934, 04080304, 04107205, 06591805, 09006704
06046909, 05236609
06046910, 05236610, 09129008
06046911, 05236611, 09129009
03009901, 04100001
06628701, 06575308
03039307, 07063411
04081340, 07063412
06773703, 06743406
03051501, 03052003
04143302, 07056501, 05056101, 07055204
05046001, 06651506
06758702, 06791406, 07064801
06555601, 05168208
05056805, 03012306, 06664201, 09232107
06000101, 04112701
07036403, 09111504
06511902, 06698701, 06655706
05106001, 05123901
06749234, 06664208, 06548120
05154602, 06504102, 07100302, 09019902
07115401, 09287702, 07108702
06741701, 07031806
03052601, 03052701, 04013402, 06539307, 06631502, 04138701, 06578001
03043301, 03043401, 03043501
03043601, 03043701, 03043801
06751801, 06761412
06606701, 04114301
04133301, 05097411
06632401, 07059406

03041101, 06636903
05117801, 05217401
05217101, 05217201
05194901, 07067102, 09286601
07036401, 05217301
06765503, 07042105, 09111705
03024401, 09300602, 07061902, 09039101
05229165, 08042805
05193401, 06715901, 05022202, 05110902, 09110803
04096601, 05035101
05135401, 05051801
05097301, 05128101
03049102, 05057801, 05192702
05070901, 05017602, 07045203
05229143, 09308806, 06664305, 05098107, 10006106
06622503, 07006701
06677902, 06678102
05146801, 08056501
07010007, 08038701
06734705, 07049504
03033904, 09021306
04020304, 04020812
04117001, 04115901, 04119301, 05009601
07044403, 06016703
04146409, 04104402
09300603, 07061903, 06625607
06657504, 08014307
06654206, 06761417
05230305, 06728102, 09286502, 07043604, 07046903
06525602, 06539302, 07052102
07064505, 06564605
05022203, 05110903, 09110804
09289802, 05008802
06699309, 07079404
06654210, 06657506, 06761425, 08014309
05224608, 06775702
06721081, 06548122
06671202, 09288802
06511404, 06699705
07047705, 09262505
06685715, 06552802
06564706, 06683905
05227013, 07081907, 09297705, 05105805, 05223809, 06535105, 08023007
06619605, 08065004
07124803, 09011104
05115507, 09299102
09145503, 09122202
06509606, 05171906, 09186702, 09128304
06510404, 06742103, 07049103
05235408, 09094706
03006403, 05227018, 09297706, 05105806
07087803, 09147602
09291102, 06648204, 08038203, 06706903, 06606603, 07063804
06642805, 06648805
06570907, 07048413
06571603, 06710802
06545209, 09311603, 08052603
06566505, 06571602
06527304, 06664203
05070410, 06766202
07048410, 05228723, 14586601, 14586701
06698203, 06721008
06566507, 06699505
07081003, 07114605
03017701, 05225913, 05227021, 09297709, 05105809
06685418, 06649109
06616912, 06617015
06512312, 06734905, 07055509
05237608, 06571404
05229144, 07049702
09310803, 06558602, 10010203
07057612, 09023704
05003207, 05005306
09080904, 07064504, 06564604
07047703, 09262503
05139103, 06788503, 06785403
03055903, 06675604
05035503, 07053202
06787907, 06719207
06509607, 09186703, 09128305
07062002, 09015210
06717015, 06750105, 06576310
06750106, 06576311
07056206, 06701412
08058102, 09291601
09296803, 10015203
06627512, 06559218
06609502, 06688202, 05019602
09303704, 06614804
09080902, 08037402
03006404, 05227020, 09297708, 05105808
06787908, 06719208
04091305, 05032906, 06784506
06721066, 06622905
07125008, 09011106
06700310, 06664320, 05098122
07056701, 06706001
05032904, 06784504
07048406, 06649113
03008210, 05227019, 09297707, 05105807
05224112, 05235602, 05229113
07059802, 06699411
06734513, 06625612
07050903, 09196403
03052602, 03052702, 04013204, 04013403, 06539308, 06631503, 04138702, 06578002
06632302, 07054004
07044405, 06016705
05235207, 07053913
05032903, 06784503
07044408, 06016708
05235409, 06712103
07043602, 09012906
07048405, 05228721, 14070602, 14586502
04100702, 05204702, 05204802
06730705, 09177703
09291101, 07064503, 06564603, 07063803
06673805, 05230111
07075502, 09301402, 09291002, 05014001, 05138802, 09229903, 09290901
07069810, 07069609
06535711, 06555602, 05168209
07010804, 07069809, 07069608
03018904, 06754411, 07044706
05237519, 09286403, 06538905
07037203, 06749216, 09197903
05163403, 10003203
03043302, 07057308
07051009, 09158803
04108202, 07053016
06574407, 06568403
05227028, 09297713, 05105813
07048407, 05228722
03039322, 05002904, 07007505, 06635006, 06651509
07057307, 09188108
07059105, 08036405
06574406, 06568402
03009403, 07034303
06511707, 07069703
06749226, 06685723, 07039206, 06552804
07124904, 07066505
09303804, 09083004
09304302, 06645106
06732508, 06647112, 06754614, 09064603
06773403, 06710605, 06605104, 06700307, 06571302, 09261207, 10015804
03008206, 05229111
06721036, 06548113, 06750303, 09261208
07048505, 06715607
07068706, 05186803, 07054909
05042403, 07059408
07058404, 09012606, 09030303
05085705, 06648907
06028003, 06649207
05229198, 06782703
03043403, 03043503
06567905, 07050502, 06596505, 06557803
06544904, 05020902
09239905, 09240005
07045403, 09015208, 07056205, 06701411
03005902, 04132302, 04131202, 09024803
05229164, 08042804
07051005, 06750102, 06576305
06011903, 06791403
06648504, 09176005, 07062102, 07036202, 06733805, 05235103, 07010002, 09103603, 09290402
06029302, 06029402
06655714, 07020002
07004003, 07010003
04121202, 04165502, 04165602, 04165701
05009802, 06739605
06734512, 06625611
06513303, 06565003, 06618104, 06735602, 07051504
06721050, 06548116, 07063409
07104709, 06573903
05235406, 07117304, 10001803
07079208, 09297602, 08060702
06651611, 06712204
03045602, 05230108, 09020902
06029303, 06029403
06750103, 06576306
06721009, 06548106, 07063404
05066902, 06709309
08030402, 08030503, 09218902
05228003, 07043705, 09094704, 09243303
14199901, 14563601, 13152701, 14246101, 14583701, 14560801, 14562301, 14586401, 14562601, 14562901, 14560501, 14580601, 14560701, 14127801, 14561101
14180101, 14559401, 14424301, 14434401
14561701, 13789301, 14560401, 14563001
06595302, 07004002
06510609, 06537907, 06732803, 09012908
05228812, 06564507
06543807, 07036503
06657502, 06761409, 06654203, 08014305
05237607, 06571403
05235407, 07117305
06761415, 06654204
06539526, 10003304
06729305, 06655710
06732507, 06647110, 06754606
06566104, 06592103
03039321, 07007504
05228820, 06730107
05224110, 04091202
05227027, 09297712, 05105812
06527305, 07031805
06599002, 05117101
09169404, 07060709
09310602, 06625604
05227022, 09297710, 05105810
09297711, 05105811
05237609, 06571405
06717006, 06651103, 06750104, 06576308, 06570403, 06770903
06660003, 06747605
05237606, 06571402
06510402, 06742102, 05186703
03006002, 04133102
04092502, 05208502
09030906, 05235202, 10003202, 06754303, 06559214, 06564505, 09064506, 09024802, 09147907, 09236507
05163404, 05224011, 05235205, 06564607
04096602, 05035102
07081004, 07114606
07065802, 07046403, 09303805, 06558902, 09083005
06651607, 06620303
06734903, 09073503
03024402, 05229166, 08042806, 09039102
05224101, 06636802
06732502, 08060202
07011903, 07066506
06531803, 07097502, 06717013
06710803, 09068403
04134702, 07095210
07030804, 09084803
08038204, 06706904, 06606604
09310502, 06515903
06732506, 06647111, 06754610
07081905, 08023005, 06603503
04096903, 04091802
06592704, 06754305
10010703, 10013502
08053405, 06756408
09306803, 09304402
09120404, 09244604
06562102, 06632002
04091803, 04096904, 07073903, 07094004
09309603, 09124603, 07066703
06562103, 06627510
09299703, 06719803
06011905, 06791405
09175802, 05237206, 09030306
06732504, 08060203
05224606, 06562105, 06578603, 06559219, 06608802, 06699002, 09288806
03008202, 05229123
08026306, 06727701, 06625603
04106908, 05049105
06563907, 09186104
09012602, 07063302
03042104, 07104708
09311404, 09152302
03045604, 08031904
03045603, 08031903
07010705, 06684802
05227014, 05232606
05237507, 06744810
06537506, 06744809
06757102, 06758808
05227009, 09297704, 05105804
09197904, 06701410
09188107, 07097310
04091304, 05032902, 06784502
06721080, 06548121
09305702, 06048503
03045605, 08031905
03047802, 06697108
06742602, 06658903
09310503, 06038513, 06515904
05215401, 06752902
05138602, 07089902, 06648702
07050902, 09196402
06654207, 06657503, 06761418, 08014306
04123502, 04165302, 04165402, 05013903
06654209, 06657505, 06761424, 08014308, 07053907
06721082, 06548123
05227008, 09297703, 05105803
03043703, 03043802
05230702, 06684305
05224615, 09221303, 09306602, 06643003, 06792203, 09050105
06654208, 06761419
06732003, 06559207, 07049404
06651610, 06712202
05096908, 06700311
06524803, 06604303
06011904, 06791404
06734511, 06625610
06750108, 06576314
06761416, 06654205
04017405, 06663402, 06662202, 06660505, 06722405
07061605, 09192905
06558402, 06573703
07044002, 05083002
06750107, 06576313, 08060204
07067002, 09085804, 09167902
09300604, 07075002, 07061904, 06538906
06537908, 09188608
07053307, 07063705
07044003, 05083003
06590602, 07073906
04081342, 06591304
07047704, 07046309, 05223310, 09262504
06791417, 07103405
06735605, 06622302
05237205, 09175801, 08018701, 09030305
05030301, 09279001
04154001, 04083405
09017703, 07063605
03047801, 06697107
05085703, 06648905, 06597103, 07097309, 09188106
06648103, 06734001
07004009, 07010009
05074602, 05123202
06029801, 06029901
07004008, 07010008, 06017002
06541901, 05117601
03002201, 04026501, 05025001, 05117602
07084202, 09119001, 04092301
07036404, 05190201
08004305, 07007702
03007304, 08004304, 07007701
03010002, 07052303
03009903, 05107001, 06598620
06038510, 06647103
09306601, 06643001, 09050101
04096901, 07094001
05229106, 08027904
06031401, 05167701
09299502, 09309901, 04018902, 09144702, 09037601, 06697106
06537504, 06744806
07086303, 07083904
04117201, 05127801
07036801, 07101508, 06541709, 06664803, 05003701, 05043701, 05051303, 05113601, 06685412, 09201101, 06559101, 06746301
05193417, 05224111
10003402, 06539516, 10003301
05017302, 07072006
04135601, 04136301, 10010901
04136601, 08056401
04001107, 04083104
05049405, 06001203
06682305, 07075803
04108108, 05171808
04084213, 06628406
09289801, 05008801
07070701, 06574501
06697101, 09147901
06648902, 06634601, 06660601
07055804, 06630301, 07046701
06721014, 06548108, 07063406
06768301, 09230501
06717501, 06654901
04093502, 06593303
07044001, 05083001
07066003, 07053306, 07063704
07076701, 06620803, 06598401
05070408, 05152901
06662201, 06660503
06515101, 06567001
07050501, 05031301
05067002, 05193412, 06560206, 07046905
03008204, 05229119
06765401, 06750304
04117803, 06548702, 06513305
03008101, 06622401, 06538304, 09266801
06537906, 06732801
04093701, 05225905, 06623101, 09037901
05020801, 09234302, 05238203, 09051102
05229185, 07039205
06685403, 06649105
04152401, 06595911, 06643809
07080002, 06700302
06510608, 06647101
07069812, 07069603, 08046803
06508403, 06682301
03045601, 08031901
09296802, 10015202
03005901, 08026302, 04131201
07069805, 07069604
04004402, 04004702
04148801, 06754601
05220301, 06511708, 07069701
05228801, 07058601
04083202, 07045703
03008201, 05229105
06655703, 09216102
06544912, 05229404
03058102, 06650205
05171501, 07052701, 06759001, 06680701, 07038801
05228816, 06668701
06648102, 06632001, 09037602, 06697105
05131802, 06643801, 09188605
05012401, 06734601
08053404, 06756407
09050602, 06693902, 06629901
06035802, 06042702, 06747603, 06595903, 06547802
07044705, 06538301
06564501, 09064501, 06735501
03051602, 07054203, 06018016, 09006501
06510002, 09310102
04011404, 06749801
07051411, 07066001, 07063702, 10015701
06542103, 10012203, 09158703
06768201, 08031501
09042903, 08030502
09221301, 08064101
07051003, 06699703
09045501, 07057302, 09021501, 09120401
07047701, 09262501
08053403, 06756406
06525601, 06773605, 06539301, 06631501, 07052101
09286402, 06538902
07057102, 06709302
09015202, 07056202

08065302, 09144802
07031104, 08013004
03018801, 05120201, 07040406, 09186901, 06571906, 05148202, 07025902
07063606, 09012703
07069808, 07069607
09008304, 07086204
04148703, 04094303, 06685301, 09064701
06681201, 06557801, 07055201
06038902, 05178702
06721055, 08048501
05115201, 07053601
06566501, 06699502
04119902, 06607003
05227206, 06690501
06673802, 05230107
05059503, 05229402, 05237004, 06544910
05229409, 06531801, 06652801, 09106501
05034008, 06624807
03010109, 05229115
03025302, 05209202
07014901, 09002902
07004013, 07010014
07043703, 09094702
09055901, 09265001, 09279401
07065702, 09098702, 09141402
04150001, 04150101
03034004, 04154004, 06566207, 09020801
05049201, 06532301
05232301, 09211101
05143402, 09004602, 09236002
05143401, 07010706, 09004601
05230713, 09267002
09303802, 05236902, 09083002, 09020302
09303701, 06614801
05229158, 09303702, 09303801, 05236903, 09083001, 06614802
09303803, 05236901, 09083003, 09020301
09309001, 06660502
05182203, 06699409
06576704, 04011208
05235401, 06712101
06743401, 09035101
07058402, 09012604, 09115601
07068201, 09122102
07047304, 09103304, 06757401
07068202, 09122101
09115603, 09023701
09162602, 09030403
03001701, 05119005, 07045001, 07068601
05228001, 09038901, 09243301, 07043704
08062801, 09144901, 07037406, 09030302
08065303, 07045707, 09144803
05235402, 06712102, 09260002
09303703, 06614803
04018203, 06588401, 06684701, 08028001
06687901, 07053602
05198310, 07114808
08053401, 06756401, 07043702
06758101, 07091801
07055601, 09024801
07049908, 09066904
09008309, 07086211
07053305, 07063703
05193203, 09158701
03028501, 07118001
06587901, 06621907
07074701, 04004501, 04018301, 06755201, 09186103, 09126701
06773601, 06667501, 06769501, 06744501
04165801, 09069102
05059001, 05115504
05227601, 07084208, 09150701
05226301, 05226401, 09089701
07036201, 09290401
06595301, 07004001
09176004, 05235101, 07010001, 09103601
06564702, 06683902
06514001, 09121502
05174101, 07008101
04114104, 04160102, 05210001, 06724107, 06773915, 07033601, 10002706
04114107, 06765501, 07042101, 09111701
05019101, 07085103
09147501, 08006001
09008306, 07086208
09008308, 07086210
07036901, 06554303
04106906, 05049106
09015201, 07056201
03057601, 05017501, 05147401, 08039101
05058001, 05208601
06584512, 05034002, 05050105
05193408, 06715902
06609901, 04005001
04111001, 06609001
04135502, 06593512
05224701, 05029601, 04046701, 05033601, 05097701, 05159901, 07013002, 07081501
04004307, 04004509, 05197702
05131804, 09188607
08009301, 07059306
06556301, 06666901, 06618404
06773702, 06743405
05170206, 09229302
04008501, 04009304
04008003, 04009303, 05000803
04008403, 04009103
04007903, 04008201, 04009301, 04009501, 04009901, 04010001, 08069201
04008602, 04160602
03000102, 03000202, 03051104, 04008002, 05000802
03000201, 03051101, 04007401, 04007901, 04008001, 04008401, 04008601, 04008901, 04009101, 04009302, 04009401, 04009503, 04160601, 05000801, 05002201, 04009202, 04020801, 05014401, 06740606, 06686202
03019005, 04045504, 06771604
04018702, 04152901
03031501, 06601401
07079702, 07031803
04156901, 05036106, 07085703
06648001, 09128701, 07088305
06677801, 08021602, 09000502, 06714901
05207611, 06736501, 06048510, 06595701, 06637701
07056204, 05070802
09169401, 07060701
07065301, 09201003
05018501, 06043701, 06701604
05130601, 06766802
06664313, 05098115
04004809, 04004902, 06620001
06650102, 06669002
06548104, 06721005
05098201, 06742006
09008901, 09061101
09305701, 06048502, 07057301
09017702, 07063602
06548101, 06721001, 07063401
06548103, 06721004
09299501, 04018901, 09144701, 06564504
06721052, 06548117
03052001, 05161702
09296806, 10015206
03005502, 06595908, 06706802
05022201, 05110901, 09110802
04005002, 06627503
03042202, 05235305
05066306, 09062603
05229163, 08042803
06558401, 08003101
04079001, 05015601
07089901, 06724601, 09011601
09311403, 09152301
06715606, 06624802
04114308, 05003601
04146402, 05230207, 06711902
06630302, 07046702
04090401, 07023401
04090403, 07023403
04090402, 07023402
04117702, 05202901
06734701, 06738201
06520601, 09103301, 06679101
07086301, 07081201, 07086102, 07033303
06504301, 09112603
05132406, 05130201
05178401, 04135901
06724109, 10002708
05042301, 05153901, 06653101
06002903, 10013701
05226903, 05227024
07051804, 06650009
05070402, 06521601
06773705, 06743407
05146001, 05049103
05229180, 08027913
04106901, 05049101, 05169103
06733202, 06575316
10004901, 09150601
05139102, 06788502, 06785402
05091501, 07103406
05133108, 04012004
06535706, 06658905, 09143003
06618303, 07080501
05071801, 05143101, 04013801, 05113401, 06757405
06743603, 04005006, 06725003
04001101, 04137701, 05000701, 05194701, 07071901
05182201, 06699401
05182205, 09115604, 06699410, 06700309, 07043707
09295201, 06739902
04081332, 06634902
04111003, 06609003
06672101, 06544902, 06761901, 05020901
03038401, 06675601, 07031102, 07033805, 05237514, 07022602, 06702105
05051203, 05075403
07058403, 09012605
03042102, 03042203
06564703, 06683903
06564701, 06683901
07081001, 06729301, 06655701, 07104707, 09216101
04143501, 05058901
03011601, 09012202
03046701, 04121303, 09026301
06584414, 09261703
03017801, 06540101, 06576317, 07071308, 09001102, 06554001
04081341, 05237610, 06571406, 06725406, 06708116, 09010403
04134903, 04162402
05093205, 06778902
04101302, 06581507
04015306, 07071210
04014402, 04015302
04122603, 09307701, 06674402
05055701, 06575306
05202501, 05204601
04017202, 06609904
05192510, 04102401, 05202502, 05204602
06619604, 08065003, 09158702
04121201, 04165501, 04165601
03023803, 09007603
03028502, 07118002
06579806, 06712501
05224002, 09062602
06589502, 06579801
06517001, 06576501
04041701, 05096001, 05030001, 05046502, 07048701
05144701, 04032201, 04037901, 05123701, 05166210
04026402, 04030502, 05133501
04038602, 05168901, 06708703
04051702, 04052002, 04162502, 05165001, 06568202, 06773002, 06676603
06533604, 07075211, 04033003, 05071002, 05095101, 06700902
05086001, 05166601
04010006, 08069206
06640101, 05232804, 06772501
04049301, 07066006
03055201, 07040202
05144601, 05121001
05072301, 07088002
04031601, 04033701
04032501, 07047001, 09001105
05232805, 06772502
05086002, 05166602
04008404, 04008903, 04009104
04069401, 05003501, 09266101, 07046707
05232807, 06772503
04042601, 05072102
04037501, 05076503, 04035501
05070613, 09251002
05195701, 05051601
04035901, 05145801, 05193601
03046606, 04041801, 04041901, 05168501, 04014003, 07008906, 09114504
05099901, 06009901, 08060901
06640102, 05232811
03039803, 05124203, 05172003
05094902, 04040403
03039405, 05092301, 05181201, 05191101
03031001, 07102701
04036201, 05165905
07052901, 07042901
06774404, 09250801
05048802, 05171402, 06775002, 07052902
06678702, 06518104, 07076507, 05188702, 08001901, 06717102
03013603, 04000903, 06774401
03059305, 04050801, 05000206
04040601, 07061707
04144001, 09293002
05173501, 05081201
04035101, 05122601
04035701, 04037202, 05194601
05225501, 09002801
04143701, 05071501
05124202, 05172002
04044603, 06530503, 05054602
04005301, 04006201, 04006401, 04006501
06612903, 06588204
05164001, 05020401
04086518, 06559216
05230906, 05231006
06726001, 05012701
04047602, 04150302, 05167801
07064201, 06710203
06005203, 06702803
03025802, 05189504
05227219, 09294301
04020905, 05000506, 05023901, 04010010, 04020204, 04020810, 05014503, 08053806, 08069210
04020705, 06774614
05001403, 05098603
07066902, 07043902
03024701, 03042601, 03042801, 05196901, 04034401, 05033401, 05124303, 06001801, 06020303, 09256801
03017807, 03049201, 03059901, 04027004, 04034203
05051302, 06685408
04142902, 05196302
04142903, 05196303
04009703, 04009803
04047701, 04158801
04009410, 05000505, 04010011, 04020811, 08053805, 08069211
04040101, 04152001
05198301, 05221504, 06778702, 07114801
04031603, 04032503, 04033703, 05171404, 07047003
06560501, 06715201, 05148206
04086508, 06559205
05198311, 07114809
05172702, 05124602
05002703, 06774403
03006904, 05207001
04159702, 04159802
04030003, 04026903, 05198313, 07114811
07076508, 05228715
04157711, 06624204
06510911, 04047201, 05109701, 06759201, 06543505, 06654801
04009409, 04010009, 04020809, 08069209
04038401, 04041501, 04161301, 05002701, 05123601, 05143501, 06751101, 05168401
05235308, 05188701
07009821, 05051701
05072402, 05076502
05076505, 04035502, 05094003, 09051002
04039901, 04042201, 08018501
08069204, 04010004, 07039302
04009404, 04020804
04086519, 06559217
05230907, 05231007
06577404, 06703404
04021003, 07024303, 07035103
06727303, 06727503
05114302, 06701503
04032801, 04033201
05040103, 05109801
04041102, 04048503, 05069402
03048101, 03048201
04009408, 04020902, 04020808
04030005, 04026906
04044301, 05216401
05072403, 06586503, 09009301, 04002001
03004501, 05061801
09031402, 09163604
05001404, 05098604
04047901, 04051001, 06714204, 06627002
05001401, 05098601
06726002, 04039602, 04041601, 05012702
05144302, 05144402
04036702, 06613901
04051701, 04052001, 04162501, 06568201, 04034202
05133902, 07085411
06649901, 05024701, 06627101
04048101, 04142402
04028801, 05107901, 06751603
05142601, 05100806
05125502, 05229903, 06661803, 06605003
05120601, 07093203
04081818, 04086208
03025704, 06678505
05191301, 05212001
04020402, 09210602
04034001, 04030901
06560505, 05238204
04007201, 04048401, 06690401
04007202, 04048402, 06690402
04005401, 04005501, 04005701, 04005801, 04006601, 04006801, 04007101, 07013001
04005601, 04007203, 04153101, 04048403, 09002601
04020604, 04080803, 06790502, 04166304, 05229902, 06690403, 06661802, 06605002
08030301, 04021001
07024301, 07035101
04034805, 04038807, 05100413
03003902, 03057401, 04028101, 05154001, 06723901, 05018601

05062401, 05049901
04037101, 05097901, 09003002
04034701, 04036701, 05097001, 06540217, 05052501, 07033006, 06733509, 06617407, 09250401, 09254101, 06582103
06744808, 06555401
05073801, 06718606
03015807, 06713901
05194401, 05232812
03001101, 04020901
04020202, 05013401
05132301, 05172201, 06640303
08058402, 05196502
03054301, 05030002
04035401, 04036304, 05094901
05016201, 05153301, 05172202, 04044701
04036301, 07054102
05198307, 05221509, 07114807
06550401, 05096903, 04051501, 04051801, 06676601, 06678901
04047601, 04150301
04158701, 05048401, 05122301, 05239201
05198304, 05221506, 07114804
04000203, 04014501, 05140901, 05163901, 05196903, 06614001, 06668401, 09256803, 09005001
05072501, 04039501, 05168101
06560502, 06715202
05036102, 06773502, 07030507
05198305, 05221507, 07114805
04026904, 05198303, 07114803
05144502, 05223507, 05224117, 09301801, 09309701, 04039201, 05073102, 05051501, 05147501, 05208001, 05221505, 07024902, 07058603
04015003, 06757802, 07038802
05198312, 06778701
04028103, 05062403, 05049903
04028104, 05062404, 05103901, 04031101, 05054701, 05071003, 05049904
04035102, 05122602
07024302, 07035102
06636901, 09264001
04050201, 04162001
06565206, 04048801, 05086707
04009402, 04020904, 05000501, 04020302, 04020802, 08053801, 06740608, 07039305
04007302, 04154501
04042902, 05124502, 06774601
04003801, 04004101
04031602, 04032502, 04033702, 07047002
04009405, 05000503, 04010005, 04020805, 08053803, 08069205, 07039303
04049901, 04161501, 05055502, 05116801, 06001601
05192201, 06722301, 05080401, 06636905, 07024101
04039101, 05107102, 06597606
04033301, 04033806, 05025401, 05096204, 09286904
04033302, 04033807, 05025402, 05096205
04033303, 04033808
04034501, 05025404, 05052801, 09049604
03013602, 04000902, 06774402
04020903, 07039304
04037902, 05220601
04009705, 04009806, 04020303, 05014502, 06740609
04080501, 04080701
03003702, 04081702
05109910, 06554304
04000603, 08013101
03038001, 03038101, 05023601, 05191901
04034102, 05179804
03033201, 04034101, 05179803
04032303, 04032401, 05105101
04032304, 04032402, 05105102
05145102, 06041001
05100001, 06041201, 05216702
05191401, 09201001
06711820, 06016409
09017705, 07063610
04080303, 04080402, 09006703
03038601, 05075901, 06638501, 07113004, 09047502
04005902, 04006702, 04007002
05086202, 06737002
09169403, 07060704, 06535404
06759203, 06654803
04164108, 05100901
04040303, 05229509
04046001, 05157801
04154002, 04083406
06519302, 06685709
04037001, 04069402, 04162301, 05045701
05085704, 06648906
05023513, 08025201, 06709908
03052801, 03052901, 04038201, 05123501, 05195501, 06053802, 06627201, 07023712
04150201, 05062201, 06640304, 06625004
05075801, 06597403, 06634102
06768203, 08031502
05001405, 07009803, 05097402
05096601, 09296602, 05099602, 09047501
03019902, 04001203, 04038701, 04037401
05123502, 06053803, 07023713
04048701, 07071702
05166301, 06685801
05035215, 06725015
03034007, 04150401
05070501, 06685419
05000502, 08053802
04010101, 07030002, 04009403, 04020203, 04020803, 05013402, 07039301
04010003, 08069203
05010901, 07066401
04008402, 04008902, 04009102
04036903, 05069706, 06712309, 07045802
04004801, 04085904, 04039603
04085602, 04085802
05224705, 05029605, 04046705, 05097705, 05159905, 07081505
06725407, 09010404
07068103, 06774611
03051103, 03051302
03028106, 04001906
05206003, 06597603
03039805, 03039901, 04085001
05224704, 05029604, 04046704, 05097704, 05159904, 07081504
05072401, 05076501, 09009302
04034502, 05052802
04043901, 05103801, 05053801, 05213801
03010605, 04032101, 05069501
04046401, 05056901, 05119904, 05178001, 04042801, 05018201, 05056401, 05033703, 05053301, 05079301, 05129001, 05150601, 05174501, 09250802
05029901, 04047202, 05109702, 06759202, 06543506, 06654802
03049103, 04045802, 05023002, 05052702
04043001, 04043301
04043701, 04044101, 05054403
04046601, 04046801, 05035003
06715203, 04043501, 05201603, 05202101, 07041902, 07085409
04044901, 04047001
04044001, 06045401, 06762004
04033104, 04032202, 05017305, 06600702
04034601, 07107301, 05093801
04080302, 04166002, 09006702
03025401, 03025501
05095001, 05195801
05144301, 04047501, 04047801
04030701, 05130101
04020401, 09210601
05181807, 05168801
04121301, 05124201, 05172001
05143701, 06048511
04018402, 04148502, 08022401
03053004, 07095503
04086509, 06559208
04016305, 06586602
04120402, 05111702
04084002, 04011507
04039301, 05187601
04020403, 09210603
04009704, 04009805
04036202, 05165906
04010007, 04020807, 08069207
04009407, 05000504, 08053804
04044203, 04044602, 05125102, 06530501, 05054601, 05052001
04020106, 05052003, 06778703
04036101, 07031902
05124204, 05172004
04157710, 05100414, 05182101
03055602, 04036402, 07023504, 07050603
06039001, 05207801
05030401, 05150101, 05157901, 05201501
04154003, 04083407
03036505, 03039804
05001402, 05098602
03016002, 05172901, 07031106, 06640302, 06625002, 08014701, 07076510, 05007004, 05126801, 05166211, 05172306, 06045001, 05216701, 06617205, 06663313, 09260601, 06710214, 06702812, 06570201
04031301, 04029801, 04031001, 04031901, 04033601, 05007501
05103301, 05126301
04045201, 04044501
05196902, 09256802
03025705, 07063203
04051802, 06676602
04000906, 06774606, 06614301
04032802, 04033202
07069803, 05225105, 07069611
04037701, 04160001
06010201, 06024201
05237905, 06726004, 05048801
04044801, 05069707, 05126001, 06039501, 06043005, 07069804, 04046101, 05000101, 05020301, 05033901, 05035214, 05077301, 05078601, 05109908, 05174701, 05200901, 05203401, 06731506, 07069612, 06683806, 09198203
05235008, 08046805, 06709316, 07069902
05198306, 05221508, 07114806
06569802, 05089701
04042001, 05147801, 06581102
03039406, 05092501
04030801, 04034302, 06723902, 04033002, 05004501, 05017306
03036401, 05143001, 05096801
05038203, 05192101, 07022101

05011501, 05011801
04011601, 04042701, 06636907
04000501, 05124503, 06774603
05002705, 05123602, 05168402
04041101, 04048502, 05069401, 05041406, 05095801
05004601, 05004801, 04010002, 08069202
05138601, 06648701
07036405, 05190203
07011510, 06664319, 05098121
04081846, 06749224
04116801, 05032101, 05035901, 05059801
05031802, 05091001
06655705, 09216103
05002102, 06586001, 06750002, 06654401, 07067501
06773603, 05123101
06002003, 09299005
06509507, 06514403
03012301, 05056801, 06749202, 09232102, 08003901
03000602, 05237505
06544907, 06758006, 07042809
06724122, 09068709
05048202, 05147620
03019008, 06754007, 09198506, 06585810, 07032205
06773913, 07034605, 05097105
06758502, 09278002
07066202, 09068702
04153907, 04082907
06775602, 07089302
03023703, 03035802
05148106, 08067008
05148102, 07039003
06672402, 06650904
05100203, 06724003
05100201, 06724001
04158103, 04158203, 04158303, 04158403
04108105, 05171805
07082402, 06001001, 09010604
04043805, 05202201
04108106, 05171806
07036904, 06701418
05192503, 09010602
04083701, 05049403
05196002, 07014204, 07028102
07036903, 06701419
07108707, 05168212
06570002, 09062702, 07026902, 09279701
03036205, 09084102
06758002, 07042802
05100205, 06724005
09021702, 09041203
04016206, 07042806
03010202, 04084006, 04084108, 06726602
05190502, 06783803
06003301, 09013101
07052503, 09010603
07098204, 07044208
03011707, 06709314
04108107, 05171807
03020606, 06757308, 06775604, 07089304
03038506, 06556702
03013002, 05007202
04082602, 05234706
03027001, 04153906, 04082906, 05075709
09051704, 04082502
04082807, 05073607
04084206, 06001702
07022802, 09278102
05072204, 07027203
04157902, 09078002
05193115, 07033906
04084212, 06628404
05100204, 06724004
06724121, 06757307
05142702, 06001901
04001105, 07026802, 09198508
09111505, 06721083
07082102, 07031602
03056206, 03056303
05145007, 05193112
05100202, 06724002
07028204, 06022911
04083511, 07032704
04144801, 04145201
04146501, 04147001, 05007208
03039407, 05100206, 06724006
05148004, 09264901, 05232905, 07105901
09008305, 07086205
05168602, 07040306
03005003, 06730809
04153905, 04082905
03027302, 05049107
04160301, 08011601
03006801, 09230503
05133106, 05224105, 06612401, 06773401, 06710602, 06605102, 09261205
07100301, 09019901
05229157, 05236501
04151501, 07027810, 09027510
05013901, 05212406, 05214106
05052002, 05082301
07071002, 08020702
09239906, 09240006
03031701, 06653501
05210201, 05210301
03010801, 09251202, 05098401
05237522, 06724605
04107901, 05080404
04067001, 09232106
06006101, 06044901
03047201, 06772701
06555903, 06605106
06679403, 06748701
05212409, 05214108
03001001, 03011201, 06048801
05237009, 06723101
06559102, 06746302
05235405, 07117303
05235404, 07117302, 10001802
04110002, 04113002
05058002, 05208602
04115801, 05074901, 06041901, 06775801
06756601, 09285701, 07046705
04119801, 04121701
07041401, 07079704
04134501, 06734706
07103402, 05050202, 06791426
05237517, 06724602
06721602, 04010307
07046801, 06590105
07103401, 05050201, 06791413
03053503, 06675603, 05066803, 06699306
03053502, 05066802, 06675602, 06699305
03010603, 06042403, 06504601
08030903, 08038706, 08031002
09304701, 06554301
03040301, 04019401, 04019501, 04017803
03042501, 06706701
03042101, 03042201
05236001, 06588901
04014401, 04016403, 04015301, 04018501

03010301, 09282301, 09279601
05106901, 06510601
06732501, 08060201
03025301, 05209201, 06034501
06647901, 06760001
06564401, 07046301
03029603, 04117901, 06560201, 07092901, 06041101
03010401, 03010501
04043815, 05162504
06565601, 08030014
04081339, 05228804
07050901, 09196401
03054701, 04108601
05237515, 06615607
05003201, 05005301, 06005504, 06008001
06581511, 06597802
05226303, 09089703
05226302, 09089702
06517401, 04004304, 04004504, 06596302, 07087601, 09126702
09311201, 09311301, 05089501, 06601901
03034801, 04141601
06721012, 06548107, 07063405
05002101, 06750001
03007202, 10004002, 05065802, 05046802, 06595912, 06771102
05002901, 05156201, 09289301
04030702, 04031302, 04031501, 05016701, 05136001, 04029802, 04030301, 04031002, 04031902, 04033602, 05007502
04026404, 04030504
03048502, 03048602
04081335, 06657802
09008307, 07086209
04081330, 06542001
06724105, 10002705, 05035502
06690001, 06646002
07061303, 04113102
06585201, 06051501, 06559301, 09145204, 09022502
05238101, 07061402, 06515404
06664316, 05098118
06721045, 06714101
06651604, 06712201
06647902, 06769302
06664307, 06749701, 06557501, 05098109
05132410, 06775710
05229135, 04105002
03060301, 05083101
05229131, 06619001
04148901, 04149001, 04149101, 04094401
04149002, 04149102
03054401, 03054501, 06624501, 06594501
07016201, 06614701
05047202, 06528601, 07034801, 09016601, 06583503
04097901, 07066005
09261202, 06582002
06661002, 06702808
03012102, 06700003
04143303, 05056102
05002401, 07047902
03021402, 07071102
04017402, 07053103
05034006, 06624805
06519301, 06685708
05066101, 05094002
06536902, 06736402
06537508, 06670107
14585101, 13742802
06698201, 06753201, 06721007
04004306, 04004508, 05197701
03012307, 03012406, 06749208
03054201, 04139601
07069101, 07083304, 06649401, 06708110
07094408, 06003501, 07084801
04107001, 09112801
05167302, 05208803
04110901, 04160701, 06002301
06566304, 08050001, 14087201
04092701, 05207901
06030302, 06030402
06030301, 06030401
09300601, 06566001, 07061901
06513302, 06618103
06721054, 06548118, 09261210
04004904, 06757103
06721065, 06622904, 06548119
04097702, 06626802
06721048, 08052604, 09181802
06721049, 06548115
04027801, 06751402
03057602, 04027301, 05013002, 05115702, 05213101
04026801, 05140401
05062402, 05049902
04028802, 07102302
04030401, 06559801, 05089401, 05107902
05013003, 05115703
04019407, 06598006
04029301, 04029401
04029001, 05060802, 06586504
03036504, 04027201, 04028001, 04028301, 04028401, 05031401, 05061901, 05068001, 05108101, 05234101, 06560209, 07107302, 05092001, 06053401, 06780401, 06537910, 08059502
05135701, 05027101
05103302, 05126302, 05079102
05124501, 06774602
04000602, 04159601, 04159701, 04159801, 05021001
04029701, 05166101
05190101, 08057901
04027901, 05128301
05120002, 04026702
04029201, 05143801, 05154201
05234001, 04018803, 06751301, 08054401
03003901, 04030007, 08058401, 04032001, 05095904, 05128201, 06751601, 06614201
05120001, 05158701, 04026701
03015808, 05060101, 05181501, 06751401, 05062701, 06668201
04000201, 04028701
05069601, 05039701, 05081301
04027003, 04026601, 05090201
04027601, 04157714
04030601, 05175901
04029504, 05146305, 06555402
03038002, 03038102, 04000101, 05023602, 05191902, 05013001, 05062301, 05041404, 05115701
04026502, 05025002, 05130102
04028601, 05111601
04027401, 04030004, 05043201, 05174801, 04026905, 04030201, 05026701, 05087901, 08004001
05148401, 05157201
09301401, 09291001, 05138801, 06730813, 07087001, 09229901
04105301, 05121801
04105302, 05121804
05153601, 05049601, 09131901
03021201, 05131301, 05146301
03020401, 03020501
05094004, 07063802
06537902, 09188601
07078002, 06701603
05146602, 05210101
05201201, 05239504
04110001, 04110301, 04113001, 05071601, 05047001, 06743410, 06552301
04092501, 05208501
03023501, 04099601, 09285702
05119009, 06645901
05128901, 07039503
03042505, 06551804
06534001, 09285703
04037602, 06593901, 06621703, 09262601
06699001, 06608801
04154106, 04092202
04154107, 04092203
03042103, 06608803
05002902, 05156202, 09289302
05224604, 06649702
04037601, 05040101
05146503, 05159003
09305201, 06033702, 06758401
04081830, 06038507, 09305101, 06754603
05121203, 05152601
06758802, 09004505
04015401, 05075301
04143401, 06773602, 06760801, 05059301
09296805, 10015205
03033704, 06551004
03018204, 04143904
04098601, 05200501
06572702, 06691205
06572701, 06691204
06545802, 06658911
04040305, 04107903
04040304, 04107902, 06621001
06566101, 09191702
05066601, 05081801, 06016505
08053406, 06589101, 06756411, 06758707, 06782601, 09253901, 09145202
07033602, 06741704, 06547801
04160103, 05191002, 06746705
06035801, 06042701, 06687601, 09017704, 09300801, 05165902, 06755609, 06792202, 08061601, 05098123, 07063609
06038504, 06754604
06721022, 07046002, 09236506
04017802, 06734504, 07049104, 09236504
03022703, 03025202
03026201, 03026301
06642801, 09301501, 09289001
06544919, 06564305
08027914, 07039207